0.000295	0.000000	0.000000	0.000000	0.000000	0.000000	0.000000	0.500000	-0.000031	-1.570858	-0.000006	-0.104720	-0.209440	-0.021932	0.000001	0.000000	-0.500000	0.000031	1.570858	0.000006	0.104720	0.209440	-0.499994	0.104751	1.780298	-0.244506	0.032797	0.070802	-430.355582	57.725409	124.618666	0.000000	0.000000	0.000000	
0.200295	0.004842	-0.002365	-0.008552	0.003574	-0.001745	-0.006311	0.499560	-0.020969	-1.612746	-0.004392	-0.104628	-0.209440	-0.021913	0.000920	0.000000	-0.494718	0.018604	1.604194	0.007965	0.102883	0.203128	-0.486753	0.121487	1.807322	-0.240550	0.036132	0.062044	-423.392008	63.595377	109.204126	0.000000	0.000000	0.000000	
0.400295	0.020724	-0.010384	-0.045379	0.015695	-0.007859	-0.034196	0.498244	-0.041870	-1.654634	-0.008769	-0.104352	-0.209440	-0.021855	0.001837	0.000000	-0.477520	0.031486	1.609255	0.024464	0.096493	0.175244	-0.453056	0.127979	1.784499	-0.222397	0.031196	0.052418	-391.442027	54.908524	92.260686	0.000000	0.000000	0.000000	
0.600295	0.032688	-0.017140	-0.068242	0.025353	-0.013272	-0.053259	0.496053	-0.062697	-1.696522	-0.013131	-0.103893	-0.209440	-0.021759	0.002750	0.000000	-0.463366	0.045557	1.628279	0.038484	0.090621	0.156180	-0.424882	0.136178	1.784460	-0.208582	0.029310	0.041842	-367.124738	51.587786	73.645621	0.000000	0.000000	0.000000	
0.800295	0.042806	-0.023605	-0.097913	0.031585	-0.017489	-0.072243	0.492993	-0.083415	-1.738410	-0.017470	-0.103252	-0.209440	-0.021625	0.003659	0.000000	-0.450187	0.059809	1.640497	0.049055	0.085763	0.137197	-0.401131	0.145573	1.777694	-0.197874	0.027869	0.034398	-348.277387	49.051693	60.543914	0.000000	0.000000	0.000000	
1.000598	0.050606	-0.028913	-0.121475	0.034331	-0.019942	-0.083999	0.489061	-0.104017	-1.780361	-0.021785	-0.102429	-0.209440	-0.021453	0.004563	0.000000	-0.438455	0.075104	1.658886	0.056116	0.082486	0.125441	-0.382339	0.157590	1.784327	-0.191589	0.028711	0.027634	-338.908082	50.787403	48.883226	0.000000	0.000000	0.000000	
1.207532	0.058489	-0.034450	-0.148353	0.036570	-0.022282	-0.097200	0.484095	-0.125109	-1.823701	-0.026203	-0.101389	-0.209440	-0.021235	0.005488	0.000000	-0.425606	0.090659	1.675348	0.062773	0.079106	0.112239	-0.362833	0.169765	1.787587	-0.185439	0.029661	0.021238	-365.503754	58.462442	41.860123	0.000000	0.000000	0.000000	
1.407532	0.068602	-0.043936	-0.192161	0.039190	-0.026572	-0.118447	0.478431	-0.145271	-1.865589	-0.030425	-0.100202	-0.209440	-0.020986	0.006372	0.000000	-0.409829	0.101335	1.673428	0.069615	0.073630	0.090992	-0.340214	0.174965	1.764421	-0.175795	0.026625	0.017775	-309.415730	46.863124	31.284902	0.000000	0.000000	0.000000	
1.607532	0.076025	-0.051309	-0.222006	0.039563	-0.029205	-0.128504	0.471928	-0.165178	-1.907477	-0.034595	-0.098840	-0.209440	-0.020701	0.007246	0.000000	-0.395903	0.113869	1.685471	0.074158	0.069635	0.080935	-0.321745	0.183505	1.766406	-0.170344	0.026504	0.013016	-299.821130	46.649298	22.910207	0.000000	0.000000	0.000000	
1.807532	0.082690	-0.058405	-0.256389	0.038740	-0.030814	-0.137522	0.464597	-0.184795	-1.949365	-0.038703	-0.097305	-0.209440	-0.020380	0.008106	0.000000	-0.381907	0.126391	1.692976	0.077443	0.066491	0.071918	-0.304464	0.192881	1.764894	-0.166312	0.026869	0.009365	-292.725643	47.291792	16.483846	0.000000	0.000000	0.000000	
2.007532	0.087790	-0.064395	-0.281871	0.036572	-0.031105	-0.138370	0.456451	-0.204089	-1.991253	-0.042744	-0.095599	-0.209440	-0.020022	0.008952	0.000000	-0.368661	0.139694	1.709382	0.079316	0.064494	0.071070	-0.289345	0.204188	1.780452	-0.164904	0.028863	0.004921	-290.246101	50.801440	8.661973	0.000000	0.000000	0.000000	
2.207532	0.093450	-0.071825	-0.313636	0.034788	-0.032072	-0.141609	0.447505	-0.223024	-2.033141	-0.046710	-0.093725	-0.209440	-0.019630	0.009783	0.000000	-0.354055	0.151199	1.719505	0.081498	0.061653	0.067831	-0.272557	0.212851	1.787336	-0.162142	0.029637	0.001127	-285.385694	52.164921	1.982897	0.000000	0.000000	0.000000	
2.407532	0.098207	-0.078393	-0.341736	0.032701	-0.032437	-0.142286	0.437773	-0.241568	-2.075029	-0.050594	-0.091687	-0.209440	-0.019203	0.010596	0.000000	-0.339566	0.163174	1.733293	0.083295	0.059250	0.067154	-0.256271	0.222424	1.800447	-0.160432	0.031289	-0.003115	-282.375117	55.071703	-5.483384	0.000000	0.000000	0.000000	
2.607533	0.102255	-0.085005	-0.370184	0.030320	-0.032623	-0.142456	0.427273	-0.259688	-2.116917	-0.054389	-0.089488	-0.209440	-0.018742	0.011391	0.000000	-0.325018	0.174683	1.746732	0.084709	0.056864	0.066984	-0.240308	0.231547	1.813716	-0.159094	0.032920	-0.007012	-280.021072	57.942908	-12.342424	0.000000	0.000000	0.000000	
2.807533	0.105579	-0.092486	-0.396713	0.027680	-0.033377	-0.141051	0.416024	-0.277352	-2.158805	-0.058089	-0.087132	-0.209440	-0.018249	0.012166	0.000000	-0.310444	0.184866	1.762091	0.085769	0.053754	0.068388	-0.224676	0.238621	1.830479	-0.157464	0.033775	-0.010783	-277.152037	59.447550	-18.979576	0.000000	0.000000	0.000000	
3.007533	0.108682	-0.101332	-0.429526	0.025200	-0.035175	-0.144083	0.404044	-0.294530	-2.200693	-0.061686	-0.084623	-0.209440	-0.017723	0.012920	0.000000	-0.295362	0.193198	1.771167	0.086886	0.049447	0.065356	-0.208476	0.242645	1.836523	-0.154459	0.033225	-0.013452	-271.862827	58.479814	-23.677428	0.000000	0.000000	0.000000	
3.207533	0.111938	-0.110015	-0.459022	0.023239	-0.036858	-0.145372	0.391356	-0.311192	-2.242581	-0.065176	-0.081965	-0.209440	-0.017167	0.013650	0.000000	-0.279418	0.201177	1.783559	0.088415	0.045108	0.064068	-0.191003	0.246284	1.847627	-0.151228	0.033219	-0.017372	-266.176209	58.469291	-30.576938	0.000000	0.000000	0.000000	
3.407533	0.114488	-0.117081	-0.481885	0.021182	-0.037069	-0.141123	0.377982	-0.327307	-2.284468	-0.068551	-0.079164	-0.209440	-0.016580	0.014357	0.000000	-0.263494	0.210226	1.802583	0.089733	0.042096	0.068317	-0.173761	0.252322	1.870900	-0.149696	0.034890	-0.022524	-263.479085	61.410186	-39.644466	0.000000	0.000000	0.000000	
3.607533	0.116776	-0.124498	-0.507716	0.019210	-0.037126	-0.138253	0.363944	-0.342848	-2.326356	-0.071806	-0.076224	-0.209440	-0.015964	0.015039	0.000000	-0.247168	0.218350	1.818640	0.091016	0.039098	0.071186	-0.156152	0.257448	1.889826	-0.148019	0.036447	-0.027301	-260.527457	64.150156	-48.052776	0.000000	0.000000	0.000000	
3.807534	0.118787	-0.131339	-0.529358	0.017347	-0.036710	-0.133075	0.349268	-0.357788	-2.368244	-0.074935	-0.073150	-0.209440	-0.015321	0.015694	0.000000	-0.230481	0.226448	1.838886	0.092282	0.036440	0.076365	-0.138199	0.262889	1.915251	-0.146785	0.038630	-0.032885	-258.357771	67.992724	-57.881629	0.000000	0.000000	0.000000	
4.007534	0.120511	-0.139942	-0.561472	0.015576	-0.037533	-0.135789	0.333979	-0.372100	-2.410132	-0.077932	-0.069948	-0.209440	-0.014650	0.016322	0.000000	-0.213467	0.232158	1.848660	0.093508	0.032416	0.073651	-0.119959	0.264573	1.922310	-0.143924	0.039245	-0.036670	-253.319627	69.075675	-64.542357	0.000000	0.000000	0.000000	
4.207534	0.121439	-0.146792	-0.587827	0.013502	-0.037262	-0.135900	0.318104	-0.385759	-2.452020	-0.080793	-0.066623	-0.209440	-0.013954	0.016921	0.000000	-0.196664	0.238967	1.864193	0.094295	0.029362	0.073539	-0.102369	0.268328	1.937732	-0.142546	0.041084	-0.040970	-250.895148	72.311431	-72.110942	0.000000	0.000000	0.000000	
4.407534	0.122164	-0.154183	-0.617323	0.011506	-0.037146	-0.137639	0.301671	-0.398741	-2.493908	-0.083512	-0.063182	-0.209440	-0.013233	0.017491	0.000000	-0.179507	0.244558	1.876585	0.095018	0.026036	0.071801	-0.084489	0.270594	1.948386	-0.140805	0.042608	-0.044867	-247.830556	74.994815	-78.970179	0.000000	0.000000	0.000000	
4.607534	0.123011	-0.162775	-0.649088	0.009915	-0.037974	-0.141217	0.284709	-0.411024	-2.535796	-0.086085	-0.059629	-0.209440	-0.012489	0.018030	0.000000	-0.161697	0.248249	1.886708	0.095999	0.021655	0.068223	-0.065698	0.269904	1.954931	-0.137756	0.043410	-0.048928	-242.464736	76.406109	-86.119054	0.000000	0.000000	0.000000	
4.807534	0.122646	-0.169464	-0.675617	0.007769	-0.037520	-0.140881	0.267247	-0.422586	-2.577684	-0.088506	-0.055972	-0.209440	-0.011723	0.018537	0.000000	-0.144601	0.253123	1.902067	0.096275	0.018452	0.068559	-0.048326	0.271575	1.970626	-0.136556	0.045162	-0.053015	-240.352235	79.489874	-93.311557	0.000000	0.000000	0.000000	
5.007534	0.121793	-0.175168	-0.699703	0.005436	-0.036074	-0.137774	0.249316	-0.433407	-2.619572	-0.090772	-0.052217	-0.209440	-0.010936	0.019011	0.000000	-0.127523	0.258239	1.919869	0.096208	0.016143	0.071665	-0.031315	0.274382	1.991534	-0.136458	0.047554	-0.057205	-240.179725	83.699301	-100.686813	0.000000	0.000000	0.000000	
5.207534	0.119944	-0.183007	-0.732689	0.002663	-0.036159	-0.140977	0.230949	-0.443467	-2.661460	-0.092879	-0.048370	-0.209440	-0.010131	0.019453	0.000000	-0.111005	0.260460	1.928771	0.095543	0.012210	0.068463	-0.015462	0.272670	1.997233	-0.134717	0.047947	-0.059517	-237.114773	84.391852	-104.755463	0.000000	0.000000	0.000000	
5.407534	0.117971	-0.189761	-0.757647	0.000095	-0.035829	-0.139419	0.212175	-0.452749	-2.703348	-0.094824	-0.044438	-0.209440	-0.009307	0.019860	0.000000	-0.094204	0.262988	1.945700	0.094918	0.008609	0.070021	0.000714	0.271598	2.015721	-0.133377	0.048936	-0.063265	-234.756400	86.132516	-111.353059	0.000000	0.000000	0.000000	
5.607535	0.115800	-0.195686	-0.781384	-0.002188	-0.034828	-0.135954	0.193030	-0.461237	-2.745236	-0.096601	-0.040428	-0.209440	-0.008467	0.020232	0.000000	-0.077230	0.265551	1.963852	0.094413	0.005600	0.073485	0.017183	0.271151	2.037337	-0.132652	0.050531	-0.067361	-233.481734	88.939612	-118.563204	0.000000	0.000000	0.000000	
5.807535	0.111662	-0.203532	-0.815069	-0.005511	-0.035218	-0.139847	0.173546	-0.468915	-2.787124	-0.098209	-0.036347	-0.209440	-0.007613	0.020569	0.000000	-0.061884	0.265383	1.972055	0.092698	0.001130	0.069592	0.030814	0.266513	2.041647	-0.130630	0.049864	-0.068746	-229.920630	87.765841	-121.000306	0.000000	0.000000	0.000000	
6.007535	0.108324	-0.210143	-0.842121	-0.008024	-0.034999	-0.140181	0.153758	-0.475772	-2.829012	-0.099645	-0.032203	-0.209440	-0.006745	0.020870	0.000000	-0.045434	0.265629	1.986890	0.091621	-0.002796	0.069258	0.046188	0.262833	2.056148	-0.128928	0.050432	-0.072019	-226.927591	88.765982	-126.761515	0.000000	0.000000	0.000000	
6.207536	0.104835	-0.216790	-0.867254	-0.010067	-0.034683	-0.138125	0.133700	-0.481793	-2.870900	-0.100906	-0.028002	-0.209440	-0.005865	0.021134	0.000000	-0.028865	0.265003	2.003645	0.090840	-0.006681	0.071314	0.061975	0.258322	2.074959	-0.127057	0.051150	-0.076085	-223.634335	90.028806	-133.918599	0.000000	0.000000	0.000000	
6.407536	0.101450	-0.222897	-0.896052	-0.011609	-0.033988	-0.138457	0.113407	-0.486969	-2.912787	-0.101991	-0.023752	-0.209440	-0.004975	0.021361	0.000000	-0.011957	0.264072	2.016735	0.090381	-0.010236	0.070982	0.078425	0.253836	2.087718	-0.125532	0.052567	-0.079908	-220.948996	92.523304	-140.645150	0.000000	0.000000	0.000000	
6.607536	0.097003	-0.229577	-0.928341	-0.013578	-0.033721	-0.141936	0.092915	-0.491291	-2.954675	-0.102896	-0.019460	-0.209440	-0.004076	0.021550	0.000000	0.004087	0.261714	2.026335	0.089318	-0.014261	0.067503	0.093405	0.247454	2.093838	-0.123555	0.053200	-0.082705	-217.470101	93.637837	-145.570001	0.000000	0.000000	0.000000	
6.807536	0.091366	-0.235684	-0.961327	-0.016245	-0.033182	-0.146234	0.072261	-0.494751	-2.996563	-0.103620	-0.015134	-0.209440	-0.003170	0.021702	0.000000	0.019105	0.259067	2.035236	0.087375	-0.018047	0.063206	0.106480	0.241020	2.098442	-0.122014	0.053367	-0.084436	-214.755495	93.931704	-148.614493	0.000000	0.000000	0.000000	
7.007537	0.086779	-0.240369	-0.986635	-0.017925	-0.031602	-0.144442	0.051479	-0.497343	-3.038451	-0.104163	-0.010782	-0.209440	-0.002258	0.021816	0.000000	0.035300	0.256974	2.051817	0.086239	-0.020820	0.064998	0.121539	0.236154	2.116814	-0.121308	0.054950	-0.088152	-213.515549	96.718043	-155.156368	0.000000	0.000000	0.000000	
7.207537	0.080074	-0.245248	-1.017003	-0.020663	-0.030128	-0.145069	0.030607	-0.499062	-3.080339	-0.104523	-0.006410	-0.209440	-0.001343	0.021891	0.000000	0.049467	0.253815	2.063336	0.083860	-0.023717	0.064370	0.133327	0.230097	2.127706	-0.120646	0.055165	-0.089756	-212.349771	97.096707	-157.980188	0.000000	0.000000	0.000000	
7.407538	0.074549	-0.249756	-1.042311	-0.022401	-0.028625	-0.142497	0.009682	-0.499906	-3.122227	-0.104700	-0.002028	-0.209440	-0.000425	0.021928	0.000000	0.064867	0.250150	2.079917	0.082299	-0.026598	0.066942	0.147166	0.223553	2.146859	-0.119703	0.056219	-0.093291	-210.692260	98.951893	-164.203101	0.000000	0.000000	0.000000	
7.607538	0.069200	-0.253958	-1.070236	-0.023494	-0.027111	-0.141406	-0.011260	-0.499873	-3.164115	-0.104693	0.002358	-0.209440	0.000494	0.021927	0.000000	0.080460	0.245916	2.093879	0.081199	-0.029470	0.068034	0.161659	0.216446	2.161913	-0.118831	0.057819	-0.096907	-209.153712	101.767745	-170.565475	0.000000	0.000000	0.000000	
7.807539	0.063213	-0.257878	-1.100954	-0.024728	-0.025610	-0.142921	-0.032183	-0.498963	-3.206003	-0.104503	0.006740	-0.209440	0.001412	0.021887	0.000000	0.095396	0.241085	2.105050	0.079775	-0.032350	0.066518	0.175171	0.208735	2.171568	-0.118036	0.059255	-0.099714	-207.757912	104.296690	-175.509259	0.000000	0.000000	0.000000	
8.007540	0.057418	-0.261419	-1.125912	-0.025675	-0.024053	-0.140639	-0.053049	-0.497178	-3.247892	-0.104129	0.011111	-0.209440	0.002327	0.021809	0.000000	0.110468	0.235759	2.121980	0.078453	-0.035164	0.068801	0.188921	0.200595	2.190780	-0.117067	0.060732	-0.103682	-206.052728	106.896200	-182.493227	0.000000	0.000000	0.000000	
8.207540	0.051207	-0.265192	-1.158026	-0.026715	-0.022884	-0.142988	-0.073823	-0.494520	-3.289779	-0.103572	0.015461	-0.209440	0.003238	0.021692	0.000000	0.125030	0.229329	2.131754	0.076857	-0.038345	0.066451	0.201887	0.190984	2.198205	-0.115929	0.062088	-0.106535	-204.045630	109.279904	-187.512046	0.000000	0.000000	0.000000	
8.407541	0.044496	-0.268704	-1.183682	-0.027995	-0.021795	-0.141428	-0.094466	-0.490995	-3.331668	-0.102834	0.019785	-0.209440	0.004144	0.021537	0.000000	0.138962	0.222291	2.147985	0.074839	-0.041580	0.068012	0.213801	0.180711	2.215997	-0.114354	0.062791	-0.110185	-201.276261	110.520682	-193.938996	0.000000	0.000000	0.000000	
8.607542	0.036356	-0.272494	-1.213353	-0.030202	-0.021092	-0.142045	-0.114944	-0.486608	-3.373556	-0.101915	0.024074	-0.209440	0.005042	0.021345	0.000000	0.151301	0.214115	2.160203	0.071713	-0.045166	0.067394	0.223014	0.168949	2.227597	-0.112313	0.062316	-0.112527	-197.685517	109.683551	-198.061604	0.000000	0.000000	0.000000	
8.807542	0.029104	-0.275022	-1.239533	-0.031669	-0.019662	-0.140560	-0.135220	-0.481368	-3.415444	-0.100818	0.028321	-0.209440	0.005931	0.021115	0.000000	0.164324	0.206347	2.175911	0.069148	-0.047983	0.068879	0.233472	0.158364	2.244790	-0.111040	0.062833	-0.115640	-195.441716	110.591377	-203.536639	0.000000	0.000000	0.000000	
9.007543	0.020057	-0.277988	-1.276534	-0.034053	-0.018578	-0.146735	-0.155260	-0.475284	-3.457332	-0.099543	0.032517	-0.209440	0.006810	0.020848	0.000000	0.175316	0.197296	2.180798	0.065490	-0.051095	0.062704	0.240807	0.146200	2.243502	-0.109519	0.062463	-0.116262	-192.766828	109.941684	-204.636273	0.000000	0.000000	0.000000	
9.207544	0.012438	-0.279759	-1.304459	-0.035267	-0.016862	-0.147289	-0.175026	-0.468365	-3.499220	-0.098094	0.036657	-0.209440	0.007678	0.020545	0.000000	0.187465	0.188606	2.194761	0.062827	-0.053519	0.062151	0.250291	0.135086	2.256911	-0.108482	0.063192	-0.118940	-190.940898	111.225489	-209.348417	0.000000	0.000000	0.000000	
9.407544	0.003896	-0.282137	-1.330290	-0.036682	-0.015682	-0.144756	-0.194486	-0.460625	-3.541108	-0.096473	0.040733	-0.209440	0.008531	0.020205	0.000000	0.198381	0.178488	2.210818	0.059791	-0.056415	0.064683	0.258173	0.122072	2.275501	-0.106474	0.062963	-0.122214	-187.405138	110.821666	-215.108539	0.000000	0.000000	0.000000	
9.607548	-0.004934	-0.283277	-1.358739	-0.038151	-0.013903	-0.143729	-0.213605	-0.452076	-3.582996	-0.094683	0.044737	-0.209440	0.009370	0.019830	0.000000	0.208671	0.168799	2.224258	0.056532	-0.058640	0.065710	0.265202	0.110159	2.289968	-0.105309	0.062912	-0.124425	-185.365268	110.737840	-219.014778	0.000000	0.000000	0.000000	
9.807549	-0.013459	-0.283176	-1.385442	-0.039193	-0.011315	-0.141956	-0.232348	-0.442735	-3.624885	-0.092726	0.048663	-0.209440	0.010192	0.019421	0.000000	0.218889	0.159559	2.239442	0.053533	-0.059978	0.067484	0.272423	0.099581	2.306926	-0.104996	0.063339	-0.126492	-184.805741	111.485193	-222.642209	0.000000	0.000000	0.000000	
10.007550	-0.022775	-0.282676	-1.415287	-0.040554	-0.008603	-0.142569	-0.250684	-0.432617	-3.666773	-0.090607	0.052503	-0.209440	0.010996	0.018977	0.000000	0.227909	0.149941	2.251485	0.050053	-0.061106	0.066871	0.277962	0.088835	2.318356	-0.104740	0.063355	-0.127530	-184.355334	111.512422	-224.468164	0.000000	0.000000	0.000000	
10.207550	-0.030291	-0.281779	-1.442340	-0.040468	-0.005968	-0.141650	-0.268581	-0.421740	-3.708661	-0.088329	0.056251	-0.209440	0.011781	0.018500	0.000000	0.238289	0.139961	2.266320	0.047861	-0.062220	0.067790	0.286150	0.077741	2.334110	-0.104777	0.064810	-0.130130	-184.416672	114.072457	-229.040340	0.000000	0.000000	0.000000	
10.407551	-0.039120	-0.280894	-1.469742	-0.040989	-0.003750	-0.140726	-0.286006	-0.410123	-3.750549	-0.085896	0.059901	-0.209440	0.012546	0.017990	0.000000	0.246886	0.129229	2.280807	0.044907	-0.063651	0.068713	0.291793	0.065579	2.349520	-0.104046	0.065129	-0.132335	-183.134167	114.634447	-232.925536	0.000000	0.000000	0.000000	
10.607552	-0.047449	-0.279842	-1.495922	-0.041221	-0.001845	-0.139037	-0.302929	-0.397786	-3.792437	-0.083312	0.063445	-0.209440	0.013288	0.017449	0.000000	0.255480	0.117944	2.296515	0.042091	-0.065290	0.070403	0.297571	0.052654	2.366918	-0.103053	0.065609	-0.135161	-181.385563	115.480464	-237.899333	0.000000	0.000000	0.000000	
10.807552	-0.055298	-0.278321	-1.523149	-0.040989	0.000044	-0.138170	-0.319321	-0.384752	-3.834325	-0.080582	0.066878	-0.209440	0.014007	0.016877	0.000000	0.264023	0.106431	2.311176	0.039593	-0.066834	0.071270	0.303616	0.039597	2.382445	-0.102346	0.066601	-0.138020	-180.138485	117.223907	-242.928405	0.000000	0.000000	0.000000	
11.007553	-0.064266	-0.276338	-1.551947	-0.041498	0.001992	-0.138804	-0.335153	-0.371043	-3.876213	-0.077711	0.070194	-0.209440	0.014701	0.016276	0.000000	0.270886	0.094704	2.324266	0.036213	-0.068203	0.070635	0.307099	0.026502	2.394901	-0.101361	0.066642	-0.139884	-178.407924	117.298918	-246.212415	0.000000	0.000000	0.000000	
11.207554	-0.073402	-0.273696	-1.581618	-0.042247	0.004153	-0.140379	-0.350396	-0.356682	-3.918101	-0.074703	0.073387	-0.209440	0.015370	0.015646	0.000000	0.276994	0.082987	2.336483	0.032456	-0.069234	0.069061	0.309451	0.013753	2.405544	-0.100497	0.066414	-0.141161	-176.887658	116.896559	-248.460693	0.000000	0.000000	0.000000	
11.407554	-0.083395	-0.270326	-1.617571	-0.043581	0.006588	-0.146601	-0.365025	-0.341696	-3.959989	-0.071565	0.076451	-0.209440	0.016012	0.014988	0.000000	0.281630	0.071370	2.342417	0.027984	-0.069863	0.062838	0.309614	0.001508	2.405256	-0.099916	0.065802	-0.140670	-175.861794	115.818492	-247.591944	0.000000	0.000000	0.000000	
11.607555	-0.090753	-0.268100	-1.644799	-0.042925	0.007890	-0.146672	-0.379014	-0.326111	-4.001877	-0.068301	0.079381	-0.209440	0.016625	0.014305	0.000000	0.288261	0.058011	2.357078	0.025376	-0.071490	0.062768	0.313636	-0.013480	2.419846	-0.098657	0.066882	-0.144037	-173.648121	117.720905	-253.522823	0.000000	0.000000	0.000000	
11.807556	-0.099574	-0.264449	-1.685290	-0.042929	0.009759	-0.154925	-0.392338	-0.309953	-4.043765	-0.064916	0.082171	-0.209440	0.017210	0.013596	0.000000	0.292763	0.045505	2.358475	0.021988	-0.072412	0.054515	0.314751	-0.026908	2.412990	-0.098565	0.067828	-0.144004	-173.486456	119.385034	-253.465346	0.000000	0.000000	0.000000	
12.007556	-0.107842	-0.260595	-1.719673	-0.042695	0.011647	-0.159574	-0.404973	-0.293252	-4.085653	-0.061419	0.084817	-0.209440	0.017764	0.012863	0.000000	0.297131	0.032657	2.365980	0.018724	-0.073170	0.049865	0.315855	-0.040513	2.415845	-0.098130	0.068567	-0.145051	-172.717426	120.683550	-255.304307	0.000000	0.000000	0.000000	
12.207557	-0.116864	-0.256436	-1.761386	-0.042991	0.013487	-0.168013	-0.416898	-0.276036	-4.127541	-0.057813	0.087315	-0.209440	0.018287	0.012108	0.000000	0.300034	0.019600	2.366155	0.014822	-0.073828	0.041427	0.314856	-0.054228	2.407581	-0.097792	0.069057	-0.144697	-172.126093	121.549187	-254.684316	0.000000	0.000000	0.000000	
12.407558	-0.124358	-0.252220	-1.796468	-0.042253	0.015086	-0.171294	-0.428092	-0.258336	-4.169429	-0.054106	0.089659	-0.209440	0.018778	0.011332	0.000000	0.303733	0.006117	2.372962	0.011853	-0.074573	0.038145	0.315586	-0.068457	2.411107	-0.097521	0.070236	-0.146164	-171.649749	123.624724	-257.266555	0.000000	0.000000	0.000000	
12.607558	-0.133023	-0.247220	-1.831723	-0.042220	0.016964	-0.172882	-0.438534	-0.240183	-4.211317	-0.050304	0.091846	-0.209440	0.019236	0.010536	0.000000	0.305511	-0.007037	2.379594	0.008084	-0.074882	0.036558	0.313595	-0.081919	2.416152	-0.096923	0.070175	-0.146945	-170.593611	123.513764	-258.637793	0.000000	0.000000	0.000000	
12.807559	-0.140720	-0.242112	-1.864186	-0.041660	0.018718	-0.171734	-0.448207	-0.221608	-4.253205	-0.046414	0.093872	-0.209440	0.019661	0.009721	0.000000	0.307488	-0.020503	2.389019	0.004754	-0.075155	0.037705	0.312242	-0.095658	2.426724	-0.096431	0.070478	-0.148571	-169.730193	124.049677	-261.502857	0.000000	0.000000	0.000000	
13.007560	-0.149122	-0.236788	-1.895253	-0.041567	0.020339	-0.169016	-0.457094	-0.202645	-4.295093	-0.042442	0.095734	-0.209440	0.020050	0.008889	0.000000	0.307972	-0.034143	2.399840	0.000875	-0.075394	0.040423	0.308847	-0.109537	2.440263	-0.095221	0.069910	-0.150365	-167.599894	123.050930	-264.660849	0.000000	0.000000	0.000000	
13.207560	-0.156679	-0.231159	-1.923004	-0.040984	0.021912	-0.163844	-0.465179	-0.183326	-4.336981	-0.038396	0.097427	-0.209440	0.020405	0.008042	0.000000	0.308500	-0.047833	2.413977	-0.002588	-0.075515	0.045595	0.305912	-0.123348	2.459573	-0.094116	0.069567	-0.152859	-165.653393	122.444010	-269.046918	0.000000	0.000000	0.000000	
13.407561	-0.163960	-0.225590	-1.951976	-0.040157	0.023196	-0.159700	-0.472448	-0.163685	-4.378869	-0.034282	0.098949	-0.209440	0.020724	0.007180	0.000000	0.308488	-0.061904	2.426893	-0.005874	-0.075753	0.049739	0.302614	-0.137657	2.476632	-0.092998	0.069577	-0.155489	-163.688461	122.463481	-273.679300	0.000000	0.000000	0.000000	
13.607562	-0.170633	-0.219115	-1.986010	-0.038940	0.024884	-0.160171	-0.478888	-0.143758	-4.420757	-0.030109	0.100298	-0.209440	0.021006	0.006306	0.000000	0.308255	-0.075358	2.434747	-0.008831	-0.075414	0.049269	0.299424	-0.150772	2.484016	-0.092958	0.070279	-0.156721	-163.617462	123.700501	-275.849088	0.000000	0.000000	0.000000	
13.807562	-0.177073	-0.211990	-2.020393	-0.037629	0.026907	-0.162026	-0.484488	-0.123578	-4.462645	-0.025882	0.101471	-0.209440	0.021252	0.005421	0.000000	0.307415	-0.088413	2.442252	-0.011747	-0.074564	0.047413	0.295668	-0.162976	2.489665	-0.093200	0.070890	-0.157358	-164.044241	124.775340	-276.969974	0.000000	0.000000	0.000000	
14.007563	-0.183428	-0.204686	-2.053205	-0.036425	0.028851	-0.162808	-0.489238	-0.103181	-4.504533	-0.021610	0.102466	-0.209440	0.021460	0.004526	0.000000	0.305810	-0.101505	2.451328	-0.014815	-0.073614	0.046631	0.290995	-0.175120	2.497959	-0.093101	0.071139	-0.158238	-163.867196	125.210839	-278.513734	0.000000	0.000000	0.000000	
14.207568	-0.189888	-0.197192	-2.084796	-0.035504	0.030629	-0.162297	-0.493130	-0.082603	-4.546422	-0.017300	0.103281	-0.209440	0.021631	0.003623	0.000000	0.303241	-0.114589	2.461627	-0.018204	-0.072652	0.047143	0.285037	-0.187241	2.508770	-0.092486	0.070880	-0.159397	-162.799288	124.767514	-280.580461	0.000000	0.000000	0.000000	
14.407569	-0.196550	-0.189152	-2.119528	-0.034941	0.032503	-0.163842	-0.496156	-0.061880	-4.588311	-0.012960	0.103915	-0.209440	0.021764	0.002714	0.000000	0.299606	-0.127272	2.468783	-0.021981	-0.071412	0.045598	0.277625	-0.198684	2.514381	-0.091812	0.070337	-0.159815	-161.600535	123.801242	-281.294045	0.000000	0.000000	0.000000	
14.607570	-0.202414	-0.181387	-2.160194	-0.033966	0.033923	-0.170071	-0.498312	-0.041049	-4.630199	-0.008597	0.104366	-0.209440	0.021858	0.001801	0.000000	0.295898	-0.140338	2.470005	-0.025368	-0.070444	0.039368	0.270530	-0.210782	2.509373	-0.091751	0.071034	-0.159777	-161.492709	125.027919	-281.227783	0.000000	0.000000	0.000000	
14.807570	-0.208064	-0.173576	-2.195101	-0.032869	0.035049	-0.172347	-0.499594	-0.020146	-4.672087	-0.004219	0.104635	-0.209440	0.021915	0.000884	0.000000	0.291530	-0.153430	2.476986	-0.028649	-0.069586	0.037093	0.262881	-0.223016	2.514079	-0.091067	0.071310	-0.160909	-160.286191	125.511567	-283.215774	0.000000	0.000000	0.000000	
15.007571	-0.213875	-0.164689	-2.236639	-0.032021	0.036726	-0.178155	-0.499999	0.000793	-4.713975	0.000166	0.104720	-0.209440	0.021932	-0.000035	0.000000	0.286125	-0.165482	2.477335	-0.032187	-0.067993	0.031285	0.253937	-0.233475	2.508620	-0.090981	0.071405	-0.160292	-160.137403	125.680704	-282.134463	0.000000	0.000000	0.000000	
15.207572	-0.219110	-0.156411	-2.274862	-0.030938	0.037850	-0.181576	-0.499528	0.021730	-4.755863	0.004551	0.104621	-0.209440	0.021912	-0.000953	0.000000	0.280418	-0.178141	2.481001	-0.035490	-0.066771	0.027864	0.244928	-0.244912	2.508865	-0.090504	0.071754	-0.160894	-159.297397	126.295534	-283.193451	0.000000	0.000000	0.000000	
15.407574	-0.224430	-0.146326	-2.314656	-0.030017	0.039998	-0.185031	-0.498179	0.042629	-4.797751	0.008928	0.104338	-0.209440	0.021853	-0.001870	0.000000	0.273750	-0.188956	2.483096	-0.038945	-0.064341	0.024408	0.234804	-0.253297	2.507504	-0.090407	0.071055	-0.159950	-159.130664	125.066944	-281.536328	0.000000	0.000000	0.000000	
15.607576	-0.228840	-0.137440	-2.350609	-0.028602	0.041210	-0.185152	-0.495957	0.063454	-4.839639	0.013290	0.103873	-0.209440	0.021755	-0.002783	0.000000	0.267117	-0.200893	2.489030	-0.041892	-0.062663	0.024287	0.225225	-0.263556	2.513318	-0.090038	0.071098	-0.160766	-158.480961	125.143943	-282.972624	0.000000	0.000000	0.000000	
15.807578	-0.232794	-0.128903	-2.383596	-0.026931	0.041742	-0.182200	-0.492865	0.084167	-4.881528	0.017628	0.103225	-0.209440	0.021619	-0.003692	0.000000	0.260071	-0.213070	2.497932	-0.044559	-0.061483	0.027240	0.215512	-0.274553	2.525171	-0.089420	0.071384	-0.162718	-157.392656	125.646290	-286.408819	0.000000	0.000000	0.000000	
16.007578	-0.237439	-0.118514	-2.423390	-0.025951	0.043386	-0.183909	-0.488908	0.104732	-4.923416	0.021935	0.102397	-0.209440	0.021446	-0.004594	0.000000	0.251469	-0.223246	2.500026	-0.047886	-0.059010	0.025531	0.203584	-0.282256	2.525557	-0.088919	0.070589	-0.162330	-156.506072	124.242451	-285.716300	0.000000	0.000000	0.000000	
16.207580	-0.240162	-0.110591	-2.453235	-0.023876	0.043256	-0.179234	-0.484094	0.125114	-4.965304	0.026204	0.101388	-0.209440	0.021235	-0.005488	0.000000	0.243931	-0.235705	2.512069	-0.050079	-0.058132	0.030206	0.193852	-0.293837	2.542275	-0.088295	0.071431	-0.165311	-155.413276	125.729125	-290.972742	0.000000	0.000000	0.000000	
16.407582	-0.243943	-0.101908	-2.492156	-0.022603	0.043246	-0.180290	-0.478430	0.145276	-5.007192	0.030426	0.100202	-0.209440	0.020986	-0.006373	0.000000	0.234487	-0.247184	2.515037	-0.053030	-0.056956	0.029150	0.181457	-0.304140	2.544186	-0.087523	0.072136	-0.166850	-154.052890	126.970005	-293.680626	0.000000	0.000000	0.000000	
16.607584	-0.246982	-0.091897	-2.532996	-0.021180	0.044249	-0.184094	-0.471926	0.165183	-5.049081	0.034596	0.098840	-0.209440	0.020701	-0.007246	0.000000	0.224945	-0.257080	2.516084	-0.055776	-0.054591	0.025345	0.169169	-0.311670	2.541430	-0.087371	0.072311	-0.166712	-153.786035	127.278612	-293.438199	0.000000	0.000000	0.000000	
16.807586	-0.249048	-0.081737	-2.567728	-0.019209	0.045477	-0.183543	-0.464595	0.184801	-5.090969	0.038705	0.097305	-0.209440	0.020379	-0.008106	0.000000	0.215547	-0.266538	2.523241	-0.057914	-0.051828	0.025897	0.157633	-0.318366	2.549138	-0.087274	0.072010	-0.167092	-153.615867	126.748198	-294.107527	0.000000	0.000000	0.000000	
17.007588	-0.250821	-0.071856	-2.601588	-0.017171	0.046375	-0.181297	-0.456449	0.204094	-5.132857	0.042745	0.095598	-0.209440	0.020022	-0.008953	0.000000	0.205628	-0.275950	2.531269	-0.059916	-0.049224	0.028142	0.145712	-0.325174	2.559412	-0.087062	0.071785	-0.167967	-153.242184	126.353204	-295.646707	0.000000	0.000000	0.000000	
17.207590	-0.252435	-0.061748	-2.641207	-0.015299	0.047223	-0.183195	-0.447502	0.223029	-5.174746	0.046711	0.093725	-0.209440	0.019630	-0.009783	0.000000	0.195066	-0.284777	2.533539	-0.062010	-0.046502	0.026245	0.133057	-0.331279	2.559783	-0.087141	0.071945	-0.167940	-153.380610	126.634671	-295.599561	0.000000	0.000000	0.000000	
17.407592	-0.253083	-0.053607	-2.674368	-0.013033	0.046481	-0.181122	-0.437770	0.241573	-5.216634	0.050595	0.091686	-0.209440	0.019203	-0.010597	0.000000	0.184686	-0.295180	2.542266	-0.063628	-0.045205	0.028318	0.121058	-0.340386	2.570584	-0.087079	0.073342	-0.170310	-153.271692	129.092919	-299.771466	0.000000	0.000000	0.000000	
17.607594	-0.253634	-0.042290	-2.712765	-0.010928	0.047780	-0.182188	-0.427270	0.259693	-5.258522	0.054390	0.089487	-0.209440	0.018742	-0.011391	0.000000	0.173636	-0.301984	2.545757	-0.065318	-0.041707	0.027252	0.108318	-0.343691	2.573009	-0.087283	0.072675	-0.169535	-153.630654	127.918394	-298.407321	0.000000	0.000000	0.000000	
17.807596	-0.253840	-0.032785	-2.748370	-0.008920	0.048080	-0.181851	-0.416020	0.277358	-5.300410	0.058090	0.087131	-0.209440	0.018249	-0.012166	0.000000	0.162180	-0.310143	2.552040	-0.067010	-0.039051	0.027589	0.095170	-0.349193	2.579629	-0.087127	0.072887	-0.170395	-153.356691	128.291381	-299.921513	0.000000	0.000000	0.000000	
18.007596	-0.253190	-0.020814	-2.792178	-0.006603	0.049896	-0.187252	-0.404040	0.294536	-5.342298	0.061687	0.084622	-0.209440	0.017723	-0.012920	0.000000	0.150851	-0.315350	2.550121	-0.068290	-0.034726	0.022187	0.082561	-0.350076	2.572308	-0.087914	0.072136	-0.167956	-154.737735	126.966101	-295.618884	0.000000	0.000000	0.000000	
18.207598	-0.253241	-0.009797	-2.832844	-0.005064	0.051134	-0.191028	-0.391352	0.311197	-5.384187	0.065177	0.081965	-0.209440	0.017167	-0.013651	0.000000	0.138111	-0.320994	2.551343	-0.070241	-0.030831	0.018411	0.067870	-0.351824	2.569754	-0.087340	0.071296	-0.167242	-153.732204	125.490920	-294.370666	0.000000	0.000000	0.000000	
18.407600	-0.253260	-0.001168	-2.865831	-0.003932	0.050276	-0.188157	-0.377977	0.327312	-5.426075	0.068552	0.079163	-0.209440	0.016580	-0.014358	0.000000	0.124717	-0.328480	2.560244	-0.072484	-0.028888	0.021282	0.052232	-0.357368	2.581527	-0.086007	0.071718	-0.170034	-151.385963	126.233920	-299.285176	0.000000	0.000000	0.000000	
18.607602	-0.251634	0.010279	-2.908242	-0.001858	0.051081	-0.190941	-0.363939	0.342853	-5.467963	0.071807	0.076223	-0.209440	0.015964	-0.015039	0.000000	0.112305	-0.332574	2.559721	-0.073665	-0.025143	0.018499	0.038640	-0.357717	2.578220	-0.086299	0.071210	-0.168804	-151.898587	125.340221	-297.119759	0.000000	0.000000	0.000000	
18.807604	-0.249328	0.021478	-2.955017	0.000657	0.052015	-0.198001	-0.349262	0.357793	-5.509852	0.074936	0.073149	-0.209440	0.015320	-0.015695	0.000000	0.099935	-0.336315	2.554835	-0.074279	-0.021135	0.011438	0.025656	-0.357450	2.566273	-0.087282	0.071201	-0.166465	-153.630229	125.324267	-293.002885	0.000000	0.000000	0.000000	
19.007605	-0.247401	0.031551	-2.994985	0.002635	0.052014	-0.200106	-0.333973	0.372105	-5.551740	0.077933	0.069947	-0.209440	0.014650	-0.016322	0.000000	0.086572	-0.340554	2.556755	-0.075298	-0.017933	0.009334	0.011274	-0.358487	2.566089	-0.087178	0.071261	-0.166467	-153.445665	125.429289	-293.007157	0.000000	0.000000	0.000000	
19.207607	-0.244406	0.041813	-3.035127	0.004970	0.051911	-0.200743	-0.318098	0.385764	-5.593628	0.080794	0.066622	-0.209440	0.013953	-0.016921	0.000000	0.073692	-0.343950	2.558501	-0.075824	-0.014712	0.008697	-0.002132	-0.358662	2.567198	-0.087582	0.071243	-0.166078	-154.157799	125.398345	-292.322940	0.000000	0.000000	0.000000	
19.407609	-0.242210	0.050807	-3.073176	0.006463	0.050859	-0.199359	-0.301664	0.398746	-5.635517	0.083513	0.063180	-0.209440	0.013232	-0.017491	0.000000	0.059454	-0.347939	2.562341	-0.077051	-0.012321	0.010081	-0.017596	-0.360261	2.572421	-0.087193	0.071886	-0.167578	-153.473414	126.529451	-294.962079	0.000000	0.000000	0.000000	
19.607611	-0.239177	0.059839	-3.108257	0.008135	0.049745	-0.195465	-0.284702	0.411029	-5.677405	0.086086	0.059628	-0.209440	0.012488	-0.018030	0.000000	0.045525	-0.351190	2.569148	-0.077951	-0.009883	0.013975	-0.032426	-0.361073	2.583123	-0.086863	0.072182	-0.169239	-152.891467	127.052115	-297.885971	0.000000	0.000000	0.000000	
19.807613	-0.236008	0.068850	-3.138975	0.009706	0.048764	-0.188274	-0.267240	0.422591	-5.719293	0.088507	0.055971	-0.209440	0.011722	-0.018537	0.000000	0.031232	-0.353740	2.580318	-0.078801	-0.007206	0.021165	-0.047569	-0.360947	2.601484	-0.085944	0.071791	-0.171576	-151.274479	126.363619	-301.999464	0.000000	0.000000	0.000000	
20.007613	-0.231106	0.079104	-3.181386	0.012299	0.048879	-0.189918	-0.249309	0.433411	-5.761181	0.090773	0.052215	-0.209440	0.010936	-0.019012	0.000000	0.018203	-0.354307	2.579795	-0.078474	-0.003336	0.019522	-0.060271	-0.357642	2.599317	-0.086639	0.071314	-0.170133	-152.493188	125.519428	-299.450972	0.000000	0.000000	0.000000	
20.207623	-0.225987	0.090017	-3.222750	0.014935	0.049750	-0.192844	-0.230940	0.443471	-5.803071	0.092880	0.048368	-0.209440	0.010130	-0.019453	0.000000	0.004953	-0.353454	2.580321	-0.077945	0.001382	0.016595	-0.072992	-0.352072	2.596916	-0.086582	0.069795	-0.168295	-152.417535	122.866292	-296.262111	0.000000	0.000000	0.000000	
20.407625	-0.221116	0.099037	-3.259926	0.017010	0.049289	-0.192576	-0.212167	0.452753	-5.844959	0.094824	0.044436	-0.209440	0.009307	-0.019860	0.000000	-0.008949	-0.353716	2.585033	-0.077814	0.004853	0.016863	-0.086763	-0.348863	2.601897	-0.086332	0.069385	-0.168506	-151.957702	122.127560	-296.595355	0.000000	0.000000	0.000000	
20.607627	-0.216413	0.107884	-3.290469	0.018509	0.048424	-0.186624	-0.193021	0.461240	-5.886848	0.096602	0.040426	-0.209440	0.008467	-0.020232	0.000000	-0.023392	-0.353357	2.596378	-0.078093	0.007997	0.022815	-0.101485	-0.345359	2.619194	-0.085087	0.068472	-0.170485	-149.765610	120.521677	-300.079591	0.000000	0.000000	0.000000	
20.807627	-0.210690	0.117003	-3.327470	0.020390	0.047782	-0.184840	-0.173537	0.468919	-5.928736	0.098210	0.036346	-0.209440	0.007612	-0.020569	0.000000	-0.037152	-0.351916	2.601265	-0.077820	0.011436	0.024599	-0.114973	-0.340480	2.625865	-0.084675	0.067770	-0.170793	-149.036582	119.282009	-300.612145	0.000000	0.000000	0.000000	
21.007629	-0.204974	0.125446	-3.362028	0.022087	0.046794	-0.182599	-0.153749	0.475775	-5.970624	0.099646	0.032201	-0.209440	0.006744	-0.020870	0.000000	-0.051226	-0.350329	2.608596	-0.077559	0.014593	0.026841	-0.128785	-0.335736	2.635437	-0.084019	0.067262	-0.171778	-147.885637	118.391209	-302.355489	0.000000	0.000000	0.000000	
21.207631	-0.199891	0.132513	-3.399028	0.023019	0.044846	-0.182373	-0.133690	0.481796	-6.012512	0.100907	0.028000	-0.209440	0.005864	-0.021134	0.000000	-0.066201	-0.349283	2.613484	-0.077888	0.016846	0.027066	-0.144089	-0.332436	2.640550	-0.083631	0.068306	-0.173587	-147.204079	120.228224	-305.539575	0.000000	0.000000	0.000000	
21.407633	-0.192120	0.142471	-3.450341	0.025598	0.045071	-0.193266	-0.113397	0.486971	-6.054400	0.101991	0.023750	-0.209440	0.004974	-0.021361	0.000000	-0.078723	-0.344500	2.604059	-0.076393	0.021321	0.016173	-0.155117	-0.323180	2.620232	-0.084232	0.067680	-0.170151	-148.260716	119.126389	-299.490673	0.000000	0.000000	0.000000	
21.607635	-0.185766	0.150116	-3.489960	0.027179	0.044119	-0.196807	-0.092905	0.491293	-6.096289	0.102896	0.019458	-0.209440	0.004075	-0.021551	0.000000	-0.092861	-0.341176	2.606329	-0.075717	0.024661	0.012633	-0.168578	-0.316516	2.618961	-0.083766	0.067700	-0.170296	-147.441153	119.162293	-299.746369	0.000000	0.000000	0.000000	
21.807637	-0.178104	0.158720	-3.534815	0.029232	0.043709	-0.201781	-0.072250	0.494752	-6.138177	0.103621	0.015132	-0.209440	0.003169	-0.021702	0.000000	-0.105854	-0.336033	2.603362	-0.074389	0.028577	0.007658	-0.180243	-0.307455	2.611020	-0.083646	0.067046	-0.168847	-147.230038	118.011211	-297.196530	0.000000	0.000000	0.000000	
22.007648	-0.171351	0.164862	-3.573736	0.030435	0.041685	-0.202018	-0.051468	0.497344	-6.180067	0.104163	0.010779	-0.209440	0.002258	-0.021816	0.000000	-0.119883	-0.332482	2.606331	-0.073729	0.030906	0.007421	-0.193612	-0.301577	2.613753	-0.083798	0.067958	-0.169784	-147.521165	119.635147	-298.893224	0.000000	0.000000	0.000000	
22.207650	-0.161526	0.173171	-3.626620	0.033506	0.041140	-0.211291	-0.030596	0.499063	-6.221956	0.104524	0.006408	-0.209440	0.001342	-0.021891	0.000000	-0.130930	-0.325892	2.595336	-0.071018	0.034732	-0.001851	-0.201948	-0.291160	2.593485	-0.085111	0.067376	-0.165796	-149.808989	118.591498	-291.826764	0.000000	0.000000	0.000000	
22.407652	-0.154717	0.179362	-3.662748	0.034383	0.039495	-0.209174	-0.009670	0.499906	-6.263844	0.104700	0.002025	-0.209440	0.000424	-0.021928	0.000000	-0.145047	-0.320544	2.601096	-0.070318	0.037470	0.000265	-0.215365	-0.283075	2.601361	-0.084317	0.067508	-0.167431	-148.409857	118.824183	-294.704140	0.000000	0.000000	0.000000	
22.607654	-0.147089	0.185730	-3.697480	0.035165	0.037938	-0.203384	0.011273	0.499873	-6.305732	0.104693	-0.002361	-0.209440	-0.000494	-0.021927	0.000000	-0.158362	-0.314143	2.608253	-0.069528	0.040299	0.006056	-0.227890	-0.273844	2.614308	-0.083352	0.067024	-0.169239	-146.711364	117.972121	-297.886182	0.000000	0.000000	0.000000	
22.807656	-0.138736	0.192089	-3.737448	0.036343	0.036627	-0.201359	0.032195	0.498962	-6.347621	0.104502	-0.006743	-0.209440	-0.001412	-0.021887	0.000000	-0.170931	-0.306874	2.610173	-0.068160	0.043370	0.008081	-0.239091	-0.263503	2.618253	-0.082863	0.066577	-0.169703	-145.851953	117.186166	-298.703793	0.000000	0.000000	0.000000	
23.007658	-0.129275	0.198432	-3.776020	0.038267	0.035563	-0.199580	0.053062	0.497176	-6.389509	0.104128	-0.011113	-0.209440	-0.002328	-0.021809	0.000000	-0.182336	-0.298744	2.613489	-0.065862	0.046676	0.009860	-0.248198	-0.252068	2.623349	-0.082325	0.065247	-0.169398	-144.904179	114.844514	-298.166866	0.000000	0.000000	0.000000	
23.207660	-0.121316	0.203968	-3.808658	0.038991	0.034122	-0.193747	0.073835	0.494518	-6.431397	0.103572	-0.015464	-0.209440	-0.003239	-0.021692	0.000000	-0.195151	-0.290551	2.622740	-0.064581	0.049586	0.015692	-0.259732	-0.240964	2.638432	-0.080896	0.064459	-0.171520	-142.389597	113.456795	-301.900858	0.000000	0.000000	0.000000	
23.407662	-0.110602	0.209059	-3.852116	0.041331	0.032470	-0.195710	0.094479	0.490993	-6.473286	0.102833	-0.019788	-0.209440	-0.004144	-0.021537	0.000000	-0.205081	-0.281933	2.621170	-0.061502	0.052258	0.013730	-0.266583	-0.229676	2.634899	-0.081506	0.063686	-0.169749	-143.462091	112.097851	-298.784450	0.000000	0.000000	0.000000	
23.607664	-0.101167	0.213268	-3.888244	0.042801	0.030355	-0.193996	0.114957	0.486606	-6.515174	0.101914	-0.024076	-0.209440	-0.005043	-0.021345	0.000000	-0.216124	-0.273337	2.626929	-0.059113	0.054431	0.015444	-0.275237	-0.218906	2.642373	-0.081361	0.063232	-0.170090	-143.207301	111.298290	-299.384898	0.000000	0.000000	0.000000	
23.807666	-0.091596	0.217176	-3.930656	0.043929	0.028209	-0.196218	0.135233	0.481365	-6.557062	0.100817	-0.028323	-0.209440	-0.005932	-0.021115	0.000000	-0.226829	-0.264189	2.626406	-0.056888	0.056532	0.013222	-0.283717	-0.207657	2.639628	-0.081668	0.063518	-0.169718	-143.747986	111.802058	-298.728864	0.000000	0.000000	0.000000	
24.007666	-0.081581	0.220429	-3.970798	0.045129	0.025889	-0.197458	0.155272	0.475280	-6.598950	0.099542	-0.032520	-0.209440	-0.006811	-0.020848	0.000000	-0.236852	-0.254851	2.628152	-0.054413	0.058409	0.011982	-0.291265	-0.196442	2.640133	-0.081999	0.063547	-0.169363	-144.326287	111.848876	-298.095077	0.000000	0.000000	0.000000	
24.207668	-0.070050	0.223885	-4.010941	0.047290	0.024017	-0.198261	0.175038	0.468360	-6.640838	0.098093	-0.036660	-0.209440	-0.007678	-0.020545	0.000000	-0.245088	-0.244475	2.629897	-0.050803	0.060677	0.011178	-0.295892	-0.183798	2.641076	-0.082049	0.062136	-0.167912	-144.418713	109.369552	-295.551365	0.000000	0.000000	0.000000	
24.407670	-0.060965	0.226755	-4.047593	0.047576	0.022105	-0.196256	0.194498	0.460620	-6.682727	0.096472	-0.040736	-0.209440	-0.008532	-0.020205	0.000000	-0.255463	-0.233864	2.635134	-0.048896	0.062840	0.013183	-0.304359	-0.171024	2.648317	-0.081275	0.062050	-0.169255	-143.055805	109.217341	-297.914578	0.000000	0.000000	0.000000	
24.607672	-0.051383	0.229792	-4.089306	0.047699	0.020586	-0.197554	0.213616	0.452071	-6.724615	0.094682	-0.044740	-0.209440	-0.009370	-0.019830	0.000000	-0.264999	-0.222279	2.635309	-0.046982	0.065326	0.011886	-0.311981	-0.156953	2.647194	-0.080477	0.062130	-0.169961	-141.652006	109.357804	-299.157203	0.000000	0.000000	0.000000	
24.807674	-0.039692	0.232603	-4.135208	0.049319	0.019228	-0.202608	0.232360	0.442729	-6.766503	0.092725	-0.048665	-0.209440	-0.010192	-0.019420	0.000000	-0.272052	-0.210126	2.631295	-0.043406	0.067894	0.006831	-0.315457	-0.142233	2.638126	-0.080087	0.061074	-0.168294	-140.965886	107.498620	-296.223729	0.000000	0.000000	0.000000	
25.007676	-0.029972	0.234089	-4.175700	0.049633	0.017134	-0.203899	0.250696	0.432610	-6.808392	0.090606	-0.052506	-0.209440	-0.010997	-0.018976	0.000000	-0.280668	-0.198522	2.632691	-0.040972	0.069640	0.005541	-0.321641	-0.128882	2.638232	-0.079858	0.061329	-0.168696	-140.562337	107.948787	-296.929763	0.000000	0.000000	0.000000	
25.207678	-0.021516	0.235422	-4.211828	0.048630	0.015046	-0.200802	0.268592	0.421733	-6.850280	0.088327	-0.056254	-0.209440	-0.011782	-0.018499	0.000000	-0.290108	-0.186311	2.638452	-0.039698	0.071299	0.008638	-0.329806	-0.115012	2.647089	-0.079118	0.062201	-0.171154	-139.259300	109.482825	-301.256944	0.000000	0.000000	0.000000	
25.407680	-0.012400	0.236160	-4.250749	0.047919	0.012828	-0.199084	0.286017	0.410115	-6.892168	0.085894	-0.059903	-0.209440	-0.012546	-0.017990	0.000000	-0.298417	-0.173955	2.641419	-0.037975	0.072731	0.010355	-0.336392	-0.101223	2.651774	-0.078930	0.063046	-0.172641	-138.928953	110.971215	-303.873787	0.000000	0.000000	0.000000	
25.607682	-0.000342	0.236449	-4.297001	0.049561	0.010572	-0.203388	0.302940	0.397778	-6.934057	0.083310	-0.063448	-0.209440	-0.013288	-0.017448	0.000000	-0.303282	-0.161330	2.637056	-0.033749	0.074019	0.006052	-0.337031	-0.087310	2.643108	-0.079391	0.062182	-0.170396	-139.740565	109.448885	-299.923081	0.000000	0.000000	0.000000	
25.807684	0.010278	0.236253	-4.333827	0.050510	0.008282	-0.201664	0.319332	0.384743	-6.975945	0.080580	-0.066881	-0.209440	-0.014007	-0.016877	0.000000	-0.309053	-0.148490	2.642118	-0.030070	0.075162	0.007776	-0.339124	-0.073328	2.649894	-0.078980	0.061152	-0.170380	-139.017175	107.636052	-299.894467	0.000000	0.000000	0.000000	
26.007684	0.020322	0.235730	-4.375540	0.050714	0.006079	-0.202235	0.335163	0.371034	-7.017833	0.077709	-0.070196	-0.209440	-0.014702	-0.016275	0.000000	-0.314841	-0.135303	2.642292	-0.026996	0.076275	0.007205	-0.341836	-0.059028	2.649497	-0.078958	0.061190	-0.170372	-138.973822	107.701053	-299.871432	0.000000	0.000000	0.000000	
26.207686	0.030628	0.234230	-4.424584	0.050887	0.003503	-0.208729	0.350406	0.356673	-7.059721	0.074701	-0.073389	-0.209440	-0.015371	-0.015645	0.000000	-0.319778	-0.122443	2.635137	-0.023815	0.076892	0.000711	-0.343593	-0.045551	2.635848	-0.080026	0.062106	-0.168794	-140.857400	109.316612	-297.103324	0.000000	0.000000	0.000000	
26.407688	0.040524	0.232980	-4.469265	0.050724	0.001395	-0.212581	0.365035	0.341686	-7.101609	0.071563	-0.076453	-0.209440	-0.016012	-0.014988	0.000000	-0.324511	-0.108706	2.632345	-0.020838	0.077847	-0.003141	-0.345349	-0.030859	2.629203	-0.080138	0.062632	-0.168464	-141.055278	110.242504	-296.522946	0.000000	0.000000	0.000000	
26.607689	0.049936	0.231709	-4.508360	0.050142	-0.000296	-0.211057	0.379023	0.326100	-7.143498	0.068298	-0.079382	-0.209440	-0.016626	-0.014304	0.000000	-0.329087	-0.094391	2.635138	-0.018157	0.079086	-0.001617	-0.347244	-0.015305	2.633520	-0.079456	0.062746	-0.169674	-139.854508	110.441786	-298.651057	0.000000	0.000000	0.000000	
26.807691	0.059830	0.229561	-4.544139	0.049891	-0.002277	-0.205915	0.392347	0.309942	-7.185386	0.064914	-0.082173	-0.209440	-0.017210	-0.013596	0.000000	-0.332517	-0.080381	2.641247	-0.015023	0.079896	0.003524	-0.347540	-0.000485	2.644771	-0.078795	0.062039	-0.170788	-138.691179	109.197274	-300.613154	0.000000	0.000000	0.000000	
27.007695	0.069141	0.227024	-4.580267	0.049334	-0.004327	-0.200852	0.404982	0.293240	-7.227275	0.061416	-0.084819	-0.209440	-0.017764	-0.012863	0.000000	-0.335841	-0.066216	2.647007	-0.012082	0.080492	0.008588	-0.347923	0.014276	2.655595	-0.078345	0.061725	-0.172050	-137.903175	108.648672	-302.843634	0.000000	0.000000	0.000000	
27.207697	0.080487	0.223610	-4.622330	0.050282	-0.006740	-0.200935	0.416906	0.276024	-7.269163	0.057810	-0.087317	-0.209440	-0.018288	-0.012108	0.000000	-0.336419	-0.052414	2.646833	-0.007528	0.080576	0.008504	-0.343947	0.028162	2.655338	-0.078129	0.060203	-0.170720	-137.518446	105.965941	-300.492460	0.000000	0.000000	0.000000	
27.407699	0.090548	0.219890	-4.665789	0.050532	-0.009118	-0.203372	0.428099	0.258324	-7.311051	0.054103	-0.089661	-0.209440	-0.018779	-0.011331	0.000000	-0.337551	-0.038434	2.645263	-0.003571	0.080543	0.006067	-0.341122	0.042109	2.651330	-0.078185	0.059755	-0.169760	-137.616618	105.177677	-298.802742	0.000000	0.000000	0.000000	
27.607703	0.100805	0.215686	-4.712040	0.050708	-0.011491	-0.208122	0.438541	0.240170	-7.352940	0.050301	-0.091848	-0.209440	-0.019237	-0.010535	0.000000	-0.337736	-0.024484	2.640900	0.000407	0.080356	0.001317	-0.337329	0.055872	2.642218	-0.078379	0.059465	-0.168293	-137.964163	104.670206	-296.230365	0.000000	0.000000	0.000000	
27.807705	0.108107	0.212433	-4.742758	0.048658	-0.012812	-0.201307	0.448214	0.221595	-7.394828	0.046411	-0.093874	-0.209440	-0.019661	-0.009720	0.000000	-0.340107	-0.009161	2.652071	0.002248	0.081062	0.008133	-0.337859	0.071901	2.660204	-0.077285	0.060020	-0.171699	-136.033821	105.644533	-302.215887	0.000000	0.000000	0.000000	
28.007709	0.116351	0.207944	-4.780806	0.047029	-0.014577	-0.197906	0.457100	0.202631	-7.436717	0.042439	-0.095735	-0.209440	-0.020051	-0.008888	0.000000	-0.340749	0.005313	2.655911	0.004590	0.081158	0.011533	-0.336159	0.086471	2.667445	-0.077212	0.060558	-0.173064	-135.909800	106.595418	-304.628067	0.000000	0.000000	0.000000	
28.207711	0.125893	0.202449	-4.828977	0.046706	-0.016939	-0.203364	0.465185	0.183311	-7.478605	0.038393	-0.097428	-0.209440	-0.020405	-0.008041	0.000000	-0.339292	0.019138	2.649629	0.008314	0.080489	0.006076	-0.330978	0.099627	2.655704	-0.077810	0.060702	-0.171392	-136.957101	106.845443	-301.676236	0.000000	0.000000	0.000000	
28.407713	0.133890	0.198049	-4.871912	0.045631	-0.018299	-0.206451	0.472453	0.163670	-7.520494	0.034279	-0.098950	-0.209440	-0.020724	-0.007179	0.000000	-0.338563	0.034379	2.648582	0.011352	0.080652	0.002989	-0.327211	0.115030	2.651570	-0.077379	0.061419	-0.172028	-136.198885	108.107207	-302.796148	0.000000	0.000000	0.000000	
28.607717	0.142818	0.192506	-4.915545	0.045206	-0.020042	-0.208983	0.478893	0.143742	-7.562383	0.030105	-0.100299	-0.209440	-0.021007	-0.006305	0.000000	-0.336074	0.048764	2.646837	0.015101	0.080257	0.000456	-0.320973	0.129021	2.647294	-0.076976	0.061144	-0.171674	-135.493850	107.625915	-302.181810	0.000000	0.000000	0.000000	
28.807719	0.152537	0.184931	-4.973141	0.045596	-0.023127	-0.221301	0.484492	0.123562	-7.604271	0.025879	-0.101472	-0.209440	-0.021252	-0.005420	0.000000	-0.331955	0.061369	2.631130	0.019717	0.078345	-0.011862	-0.312237	0.139714	2.619268	-0.078375	0.061089	-0.167364	-137.951179	107.526206	-294.585281	0.000000	0.000000	0.000000	
29.007719	0.159302	0.179076	-5.015902	0.043960	-0.024834	-0.223392	0.489241	0.103165	-7.646159	0.021607	-0.102466	-0.209440	-0.021461	-0.004525	0.000000	-0.329940	0.075911	2.630257	0.022353	0.077632	-0.013952	-0.307587	0.153543	2.616305	-0.078678	0.062147	-0.167761	-138.480393	109.385181	-295.274690	0.000000	0.000000	0.000000	
29.207729	0.166807	0.173281	-5.054124	0.042586	-0.025889	-0.219174	0.493132	0.082586	-7.688049	0.017297	-0.103281	-0.209440	-0.021631	-0.003623	0.000000	-0.326325	0.090695	2.633924	0.025289	0.077392	-0.009735	-0.301036	0.168087	2.624190	-0.077831	0.062089	-0.169406	-137.012141	109.300508	-298.219399	0.000000	0.000000	0.000000	
29.407730	0.173287	0.167597	-5.089904	0.040726	-0.026537	-0.212135	0.496158	0.061863	-7.729937	0.012957	-0.103915	-0.209440	-0.021764	-0.002714	0.000000	-0.322872	0.105734	2.640033	0.027769	0.077378	-0.002696	-0.295102	0.183112	2.637338	-0.077016	0.062460	-0.172022	-135.559890	109.939771	-302.785067	0.000000	0.000000	0.000000	
29.607734	0.181962	0.159197	-5.134060	0.040635	-0.028988	-0.211587	0.498314	0.041032	-7.771826	0.008594	-0.104367	-0.209440	-0.021858	-0.001800	0.000000	-0.316352	0.118165	2.637765	0.032041	0.075379	-0.002147	-0.284311	0.193544	2.635618	-0.076740	0.060875	-0.170629	-135.078852	107.152469	-300.343416	0.000000	0.000000	0.000000	
29.807736	0.188856	0.150987	-5.176821	0.039701	-0.031405	-0.211773	0.499595	0.020128	-7.813714	0.004216	-0.104635	-0.209440	-0.021915	-0.000883	0.000000	-0.310739	0.130858	2.636893	0.035486	0.073230	-0.002333	-0.275253	0.204088	2.634560	-0.076976	0.060317	-0.169748	-135.488833	106.167680	-298.783004	0.000000	0.000000	0.000000	
30.007736	0.194661	0.143774	-5.218534	0.037884	-0.032720	-0.211348	0.499999	-0.000810	-7.855602	-0.000170	-0.104720	-0.209440	-0.021932	0.000036	0.000000	-0.305338	0.144584	2.637067	0.038053	0.072000	-0.001908	-0.267285	0.216583	2.635159	-0.077060	0.060978	-0.170397	-135.632690	107.326385	-299.914947	0.000000	0.000000	0.000000	
30.207738	0.200167	0.136264	-5.259201	0.035883	-0.033774	-0.210055	0.499527	-0.021747	-7.897490	-0.004555	-0.104621	-0.209440	-0.021912	0.000954	0.000000	-0.299360	0.158011	2.638290	0.040438	0.070846	-0.000615	-0.258922	0.228858	2.637674	-0.077095	0.061659	-0.171313	-135.698025	108.529074	-301.537519	0.000000	0.000000	0.000000	
30.407742	0.206975	0.125759	-5.305452	0.035092	-0.036816	-0.212851	0.498178	-0.042647	-7.939379	-0.008932	-0.104338	-0.209440	-0.021853	0.001871	0.000000	-0.291203	0.168406	2.633927	0.044024	0.067522	-0.003411	-0.247179	0.235928	2.630516	-0.077607	0.060305	-0.168743	-136.604065	106.150223	-297.022432	0.000000	0.000000	0.000000	
30.607777	0.211925	0.118176	-5.340708	0.033362	-0.037770	-0.208192	0.495955	-0.063475	-7.981274	-0.013294	-0.103872	-0.209440	-0.021755	0.002784	0.000000	-0.284030	0.181651	2.640567	0.046656	0.066102	0.001247	-0.237374	0.247753	2.641814	-0.076801	0.060156	-0.170529	-135.255181	105.941642	-300.322092	0.000000	0.000000	0.000000	
30.807779	0.216827	0.108903	-5.385912	0.031607	-0.039287	-0.209616	0.492862	-0.084188	-8.023163	-0.017632	-0.103225	-0.209440	-0.021619	0.003693	0.000000	-0.276035	0.193091	2.637251	0.049239	0.063938	-0.000176	-0.226796	0.257029	2.637075	-0.077266	0.060405	-0.169876	-136.000483	106.321445	-299.007417	0.000000	0.000000	0.000000	
31.007783	0.221240	0.099386	-5.430592	0.029743	-0.040906	-0.212022	0.488904	-0.104753	-8.065051	-0.021939	-0.102396	-0.209440	-0.021446	0.004595	0.000000	-0.267664	0.204139	2.634459	0.051683	0.061490	-0.002583	-0.215981	0.265628	2.631877	-0.077767	0.060619	-0.169051	-136.886929	106.701949	-297.564210	0.000000	0.000000	0.000000	
31.207785	0.224203	0.090561	-5.473876	0.027056	-0.041802	-0.213297	0.484088	-0.125134	-8.106940	-0.026208	-0.101387	-0.209440	-0.021234	0.005489	0.000000	-0.259886	0.215695	2.633063	0.053264	0.059585	-0.003857	-0.206622	0.275281	2.629206	-0.078773	0.061929	-0.169076	-138.652363	109.004357	-297.598807	0.000000	0.000000	0.000000	
31.407785	0.227795	0.079701	-5.516811	0.025017	-0.043879	-0.213831	0.478423	-0.145296	-8.148827	-0.030431	-0.100201	-0.209440	-0.020986	0.006373	0.000000	-0.250628	0.224997	2.632016	0.055447	0.056322	-0.004392	-0.195181	0.281319	2.627625	-0.079449	0.061327	-0.167649	-139.837281	107.942017	-295.077254	0.000000	0.000000	0.000000	
31.607787	0.230990	0.071290	-5.553812	0.023153	-0.044149	-0.209716	0.471919	-0.165203	-8.190716	-0.034600	-0.098839	-0.209440	-0.020701	0.007247	0.000000	-0.240929	0.236494	2.636904	0.057753	0.054690	-0.000276	-0.183177	0.291184	2.636627	-0.078752	0.061457	-0.169404	-138.615084	108.173160	-298.176294	0.000000	0.000000	0.000000	
31.807789	0.234461	0.061657	-5.595526	0.021813	-0.044811	-0.208479	0.464587	-0.184820	-8.232604	-0.038709	-0.097303	-0.209440	-0.020379	0.008107	0.000000	-0.230126	0.246478	2.637079	0.060522	0.052491	0.000960	-0.169604	0.298969	2.638039	-0.078058	0.061099	-0.169927	-137.393777	107.542889	-299.097462	0.000000	0.000000	0.000000	
32.007789	0.237416	0.051418	-5.639857	0.020427	-0.045926	-0.210103	0.456440	-0.204113	-8.274492	-0.042749	-0.095597	-0.209440	-0.020022	0.008953	0.000000	-0.219024	0.255531	2.634635	0.063176	0.049671	-0.000664	-0.155848	0.305202	2.633971	-0.077738	0.060725	-0.169471	-136.826122	106.882100	-298.284272	0.000000	0.000000	0.000000	
32.207793	0.239350	0.042606	-5.674065	0.018479	-0.045940	-0.204761	0.447492	-0.223048	-8.316381	-0.046715	-0.093723	-0.209440	-0.019629	0.009784	0.000000	-0.208143	0.265655	2.642315	0.065194	0.047783	0.004679	-0.142949	0.313437	2.646994	-0.076909	0.060695	-0.171570	-135.375669	106.836462	-301.999557	0.000000	0.000000	0.000000	
32.407793	0.241449	0.031523	-5.727298	0.016795	-0.047343	-0.212437	0.437760	-0.241592	-8.358269	-0.050599	-0.091684	-0.209440	-0.019202	0.010597	0.000000	-0.196310	0.273114	2.630971	0.067394	0.044341	-0.002998	-0.128916	0.317456	2.627973	-0.077626	0.061007	-0.169275	-136.628499	107.378020	-297.939214	0.000000	0.000000	0.000000	
32.607797	0.242790	0.023204	-5.765521	0.014869	-0.046859	-0.211284	0.427259	-0.259712	-8.400157	-0.054394	-0.089485	-0.209440	-0.018742	0.011392	0.000000	-0.184469	0.282915	2.634637	0.069263	0.042626	-0.001844	-0.115206	0.325541	2.632792	-0.077033	0.061906	-0.171189	-135.593946	108.967150	-301.328551	0.000000	0.000000	0.000000	
32.807797	0.243334	0.011530	-5.811248	0.012576	-0.048432	-0.213546	0.416008	-0.277375	-8.442045	-0.058093	-0.087129	-0.209440	-0.018248	0.012167	0.000000	-0.172674	0.288905	2.630797	0.070669	0.038696	-0.004107	-0.102005	0.327601	2.626690	-0.077729	0.061349	-0.169344	-136.810691	107.980699	-298.061623	0.000000	0.000000	0.000000	
33.007797	0.243328	0.002655	-5.848075	0.010120	-0.048241	-0.209792	0.404028	-0.294553	-8.483933	-0.061691	-0.084619	-0.209440	-0.017723	0.012921	0.000000	-0.160700	0.297208	2.635858	0.071811	0.036378	-0.000352	-0.088888	0.333586	2.635506	-0.077743	0.061877	-0.170748	-136.834150	108.908720	-300.532981	0.000000	0.000000	0.000000	
33.207801	0.243148	-0.008245	-5.894501	0.007856	-0.049116	-0.212116	0.391339	-0.311214	-8.525822	-0.065180	-0.081962	-0.209440	-0.017166	0.013651	0.000000	-0.148191	0.302969	2.631321	0.073037	0.032846	-0.002677	-0.075154	0.335815	2.628645	-0.078339	0.061861	-0.169485	-137.892775	108.887574	-298.329359	0.000000	0.000000	0.000000	
33.407801	0.242362	-0.020325	-5.942846	0.005529	-0.051008	-0.217090	0.377963	-0.327328	-8.567710	-0.068555	-0.079160	-0.209440	-0.016579	0.014358	0.000000	-0.135601	0.307004	2.624864	0.074084	0.028152	-0.007651	-0.061517	0.335156	2.617213	-0.078966	0.060929	-0.166766	-138.986936	107.241611	-293.523199	0.000000	0.000000	0.000000	
33.607805	0.241582	-0.029437	-5.982116	0.003533	-0.050696	-0.215322	0.363924	-0.342869	-8.609598	-0.071810	-0.076220	-0.209440	-0.015964	0.015040	0.000000	-0.122342	0.313432	2.627483	0.075343	0.025524	-0.005882	-0.046999	0.338956	2.621600	-0.078647	0.061288	-0.167879	-138.435711	107.880018	-295.501243	0.000000	0.000000	0.000000	
33.807805	0.240541	-0.038774	-6.030636	0.001725	-0.050023	-0.218889	0.349247	-0.357808	-8.651486	-0.074939	-0.073146	-0.209440	-0.015320	0.015695	0.000000	-0.108707	0.319034	2.620850	0.076664	0.023123	-0.009449	-0.032042	0.342157	2.611401	-0.079050	0.062677	-0.167890	-139.134892	110.317646	-295.502614	0.000000	0.000000	0.000000	
34.007809	0.239260	-0.048223	-6.068684	0.000056	-0.049439	-0.215588	0.333957	-0.372119	-8.693375	-0.077936	-0.069944	-0.209440	-0.014649	0.016323	0.000000	-0.094697	0.323896	2.624691	0.077992	0.020505	-0.006149	-0.016705	0.344401	2.618542	-0.078366	0.062735	-0.169372	-137.939853	110.426765	-298.129403	0.000000	0.000000	0.000000	
34.207809	0.237266	-0.060882	-6.116681	-0.001857	-0.051332	-0.218332	0.318082	-0.385777	-8.735263	-0.080797	-0.066619	-0.209440	-0.013953	0.016922	0.000000	-0.080815	0.324895	2.618582	0.078940	0.015287	-0.008893	-0.001875	0.340182	2.609690	-0.078037	0.060857	-0.167001	-137.352607	107.114374	-293.937749	0.000000	0.000000	0.000000	
34.407812	0.235574	-0.069478	-6.145653	-0.003328	-0.050592	-0.208201	0.301647	-0.398759	-8.777152	-0.083516	-0.063177	-0.209440	-0.013232	0.017492	0.000000	-0.066074	0.329281	2.631498	0.080188	0.012585	0.001238	0.014114	0.341866	2.632737	-0.076374	0.060123	-0.170280	-134.433555	105.829141	-299.728215	0.000000	0.000000	0.000000	
34.607813	0.232015	-0.079500	-6.185621	-0.005845	-0.050328	-0.204338	0.284685	-0.411041	-8.819040	-0.086088	-0.059624	-0.209440	-0.012488	0.018030	0.000000	-0.052670	0.331541	2.633418	0.080243	0.009296	0.005101	0.027573	0.340837	2.638520	-0.076705	0.059830	-0.170339	-135.008060	105.306897	-299.812641	0.000000	0.000000	0.000000	
34.807813	0.228128	-0.087771	-6.224368	-0.008505	-0.048935	-0.201770	0.267222	-0.422602	-8.860928	-0.088510	-0.055967	-0.209440	-0.011722	0.018537	0.000000	-0.039094	0.334831	2.636560	0.080005	0.007032	0.007670	0.040911	0.341862	2.644229	-0.077490	0.060886	-0.171196	-136.390531	107.165991	-301.321052	0.000000	0.000000	0.000000	
35.007816	0.224976	-0.096439	-6.263463	-0.010266	-0.047748	-0.200176	0.249291	-0.433421	-8.902816	-0.090776	-0.052211	-0.209440	-0.010935	0.019012	0.000000	-0.024315	0.336983	2.639353	0.080510	0.004464	0.009263	0.056195	0.341446	2.648617	-0.077176	0.061463	-0.172511	-135.845220	108.187221	-303.654483	0.000000	0.000000	0.000000	
35.207816	0.220355	-0.107289	-6.307794	-0.012618	-0.048400	-0.202933	0.230922	-0.443480	-8.944704	-0.092882	-0.048364	-0.209440	-0.010129	0.019453	0.000000	-0.010567	0.336191	2.636910	0.080265	-0.000035	0.006506	0.069698	0.336156	2.643416	-0.077069	0.060380	-0.170971	-135.648953	106.274408	-300.924691	0.000000	0.000000	0.000000	
35.407820	0.215568	-0.117235	-6.347588	-0.014899	-0.048765	-0.203065	0.212148	-0.452762	-8.986593	-0.094826	-0.044432	-0.209440	-0.009306	0.019860	0.000000	0.003420	0.335527	2.639005	0.079927	-0.004333	0.006374	0.083347	0.331194	2.645379	-0.076539	0.059203	-0.170454	-134.725228	104.210330	-300.033960	0.000000	0.000000	0.000000	
35.607820	0.211007	-0.125177	-6.384938	-0.016658	-0.047524	-0.200691	0.193003	-0.461248	-9.028481	-0.096604	-0.040422	-0.209440	-0.008466	0.020233	0.000000	0.018004	0.336072	2.643543	0.079945	-0.007101	0.008748	0.097949	0.328971	2.652291	-0.076208	0.059559	-0.171799	-134.133423	104.830346	-302.381808	0.000000	0.000000	0.000000	
35.807824	0.204307	-0.133713	-6.427699	-0.019601	-0.046487	-0.202012	0.173518	-0.468926	-9.070369	-0.098212	-0.036341	-0.209440	-0.007611	0.020569	0.000000	0.030789	0.335213	2.642671	0.078611	-0.010146	0.007427	0.109400	0.325067	2.650098	-0.077437	0.059893	-0.170654	-136.306039	105.423534	-300.385787	0.000000	0.000000	0.000000	
36.007824	0.198909	-0.140811	-6.465572	-0.021455	-0.044595	-0.200489	0.153729	-0.475781	-9.112257	-0.099647	-0.032197	-0.209440	-0.006743	0.020870	0.000000	0.045180	0.334970	2.646685	0.078192	-0.012398	0.008951	0.123372	0.322572	2.655636	-0.077665	0.060821	-0.171855	-136.696919	107.050545	-302.480649	0.000000	0.000000	0.000000	
36.207828	0.192961	-0.149358	-6.514092	-0.023159	-0.043829	-0.206311	0.133670	-0.481801	-9.154146	-0.100908	-0.027996	-0.209440	-0.005863	0.021134	0.000000	0.059291	0.332444	2.640054	0.077749	-0.015834	0.003128	0.137040	0.316610	2.643182	-0.077939	0.061406	-0.170872	-137.188368	108.088179	-300.770124	0.000000	0.000000	0.000000	
36.407828	0.186886	-0.157720	-6.554933	-0.024667	-0.043333	-0.207511	0.113377	-0.486976	-9.196034	-0.101992	-0.023746	-0.209440	-0.004973	0.021361	0.000000	0.073509	0.329256	2.641101	0.077325	-0.019587	0.001928	0.150835	0.309669	2.643029	-0.077151	0.060925	-0.171082	-135.793497	107.233846	-301.120722	0.000000	0.000000	0.000000	
36.607832	0.181022	-0.165067	-6.596995	-0.025745	-0.042231	-0.208238	0.092885	-0.491297	-9.237923	-0.102897	-0.019454	-0.209440	-0.004074	0.021551	0.000000	0.088137	0.326229	2.640927	0.077152	-0.022777	0.001202	0.165289	0.303452	2.642129	-0.076625	0.061343	-0.171912	-134.875752	107.977330	-302.600444	0.000000	0.000000	0.000000	
36.807832	0.173079	-0.172632	-6.647086	-0.028087	-0.041294	-0.214658	0.072230	-0.494755	-9.279811	-0.103621	-0.015128	-0.209440	-0.003168	0.021702	0.000000	0.100849	0.322124	2.632724	0.075534	-0.026166	-0.005218	0.176383	0.295957	2.627506	-0.077748	0.061902	-0.169857	-136.843581	108.953347	-298.964462	0.000000	0.000000	0.000000	
37.007832	0.166032	-0.178642	-6.682342	-0.029750	-0.039391	-0.210659	0.051448	-0.497346	-9.321699	-0.104164	-0.010775	-0.209440	-0.002257	0.021816	0.000000	0.114584	0.318704	2.639356	0.074414	-0.028616	-0.001220	0.188998	0.290088	2.638137	-0.077749	0.062129	-0.171119	-136.845515	109.352696	-301.185361	0.000000	0.000000	0.000000	
37.207836	0.157590	-0.185976	-6.725103	-0.032021	-0.038496	-0.210087	0.030576	-0.499064	-9.363587	-0.104524	-0.006404	-0.209440	-0.001341	0.021891	0.000000	0.127014	0.313088	2.638485	0.072503	-0.032092	-0.000648	0.199517	0.280996	2.637837	-0.077971	0.061406	-0.170194	-137.244389	108.088218	-299.577191	0.000000	0.000000	0.000000	
37.407836	0.150511	-0.191724	-6.762976	-0.033108	-0.036824	-0.206880	0.009651	-0.499907	-9.405475	-0.104700	-0.002021	-0.209440	-0.000423	0.021928	0.000000	0.140860	0.308183	2.642499	0.071592	-0.034802	0.002559	0.212452	0.273381	2.645058	-0.077611	0.061663	-0.171549	-136.602098	108.533376	-301.943129	0.000000	0.000000	0.000000	
37.607840	0.141818	-0.198969	-6.801897	-0.034920	-0.036301	-0.204238	-0.011292	-0.499872	-9.447364	-0.104693	0.002365	-0.209440	0.000495	0.021927	0.000000	0.153110	0.300904	2.645467	0.069773	-0.038666	0.005202	0.222883	0.262238	2.650668	-0.076675	0.060107	-0.171513	-134.964526	105.800356	-301.897749	0.000000	0.000000	0.000000	
37.807840	0.132318	-0.205596	-6.844658	-0.037247	-0.035699	-0.204964	-0.032215	-0.498961	-9.489252	-0.104502	0.006747	-0.209440	0.001413	0.021887	0.000000	0.164532	0.293365	2.644594	0.067255	-0.042446	0.004476	0.231788	0.250919	2.649070	-0.076433	0.058826	-0.170310	-134.528707	103.540119	-299.762188	0.000000	0.000000	0.000000	
38.007844	0.123288	-0.210253	-6.886022	-0.039018	-0.033711	-0.205428	-0.053081	-0.497174	-9.531141	-0.104128	0.011117	-0.209440	0.002328	0.021809	0.000000	0.176369	0.286921	2.645118	0.065110	-0.044828	0.004011	0.241479	0.242094	2.649130	-0.077037	0.059119	-0.169969	-135.601450	104.060885	-299.181160	0.000000	0.000000	0.000000	
38.207844	0.115244	-0.214094	-6.923372	-0.039654	-0.031053	-0.202792	-0.073854	-0.494516	-9.573028	-0.103571	0.015468	-0.209440	0.003240	0.021692	0.000000	0.189098	0.280422	2.649656	0.063917	-0.046521	0.006648	0.253015	0.233901	2.656304	-0.077274	0.060118	-0.171427	-136.010073	105.813972	-301.727100	0.000000	0.000000	0.000000	
38.407848	0.105530	-0.219493	-6.971892	-0.041136	-0.029765	-0.207986	-0.094498	-0.490989	-9.614917	-0.102832	0.019792	-0.209440	0.004145	0.021537	0.000000	0.200027	0.271496	2.643025	0.061696	-0.049557	0.001454	0.261724	0.221939	2.644479	-0.077470	0.060176	-0.170084	-136.362909	105.922108	-299.382447	0.000000	0.000000	0.000000	
38.607848	0.096681	-0.223241	-7.019540	-0.041979	-0.027803	-0.213799	-0.114975	-0.486601	-9.656805	-0.101914	0.024080	-0.209440	0.005043	0.021345	0.000000	0.211657	0.263360	2.637265	0.059934	-0.051884	-0.004359	0.271591	0.211476	2.632906	-0.078091	0.061464	-0.169520	-137.446887	108.182450	-298.370470	0.000000	0.000000	0.000000	
38.807848	0.088863	-0.226799	-7.052526	-0.041772	-0.025816	-0.208095	-0.135251	-0.481360	-9.698693	-0.100816	0.028327	-0.209440	0.005933	0.021115	0.000000	0.224114	0.254561	2.646166	0.059044	-0.054143	0.001345	0.283158	0.200418	2.647511	-0.076982	0.061745	-0.172348	-135.494861	108.677067	-303.348480	0.000000	0.000000	0.000000	
39.007852	0.078430	-0.230903	-7.095113	-0.043252	-0.024519	-0.207330	-0.155290	-0.475274	-9.740582	-0.099541	0.032524	-0.209440	0.006812	0.020848	0.000000	0.233720	0.244371	2.645469	0.056289	-0.057042	0.002110	0.290009	0.187329	2.647579	-0.076711	0.060878	-0.171811	-135.026886	107.158174	-302.422645	0.000000	0.000000	0.000000	
39.207852	0.068573	-0.234206	-7.138222	-0.044527	-0.023001	-0.208344	-0.175056	-0.468354	-9.782470	-0.098092	0.036664	-0.209440	0.007679	0.020544	0.000000	0.243630	0.234148	2.644247	0.053565	-0.059665	0.001095	0.297195	0.174483	2.645343	-0.076575	0.060611	-0.171449	-134.779648	106.681463	-301.766678	0.000000	0.000000	0.000000	
39.407855	0.060044	-0.236118	-7.175921	-0.044580	-0.020623	-0.205680	-0.194516	-0.460612	-9.824358	-0.096470	0.040739	-0.209440	0.008532	0.020205	0.000000	0.254560	0.224494	2.648437	0.051890	-0.061362	0.003760	0.306450	0.163132	2.652197	-0.076591	0.061460	-0.172957	-134.815745	108.182769	-304.439792	0.000000	0.000000	0.000000	
39.607855	0.050037	-0.237517	-7.208559	-0.045399	-0.017995	-0.198716	-0.213634	-0.452063	-9.866246	-0.094680	0.044743	-0.209440	0.009371	0.019830	0.000000	0.263671	0.214545	2.657687	0.049281	-0.062738	0.010723	0.312952	0.151807	2.668410	-0.076660	0.060937	-0.174005	-134.929596	107.254509	-306.265131	0.000000	0.000000	0.000000	
39.807859	0.039220	-0.238917	-7.246258	-0.046894	-0.015690	-0.195402	-0.232377	-0.442720	-9.908135	-0.092723	0.048669	-0.209440	0.010193	0.019420	0.000000	0.271597	0.203802	2.661877	0.045829	-0.064359	0.014037	0.317426	0.139444	2.675914	-0.076899	0.060013	-0.173609	-135.357764	105.634711	-305.587278	0.000000	0.000000	0.000000	
40.007859	0.028126	-0.239960	-7.290415	-0.048548	-0.013545	-0.198288	-0.250712	-0.432601	-9.950023	-0.090604	0.052509	-0.209440	0.010997	0.018976	0.000000	0.278839	0.192641	2.659608	0.042056	-0.066054	0.011151	0.320894	0.126586	2.670759	-0.077469	0.059536	-0.171993	-136.352350	104.789433	-302.723437	0.000000	0.000000	0.000000	
40.207863	0.018723	-0.241022	-7.329510	-0.048752	-0.011773	-0.198624	-0.268608	-0.421722	-9.991912	-0.088325	0.056257	-0.209440	0.011782	0.018499	0.000000	0.287331	0.180700	2.662401	0.039573	-0.068030	0.010815	0.326904	0.112670	2.673217	-0.076883	0.059615	-0.172807	-135.330782	104.935463	-304.177098	0.000000	0.000000	0.000000	
40.407863	0.010772	-0.241759	-7.367384	-0.047476	-0.010120	-0.197345	-0.286033	-0.410104	-10.033799	-0.085892	0.059907	-0.209440	0.012547	0.017989	0.000000	0.296805	0.168345	2.666416	0.038416	-0.070026	0.012094	0.335221	0.098319	2.678510	-0.076058	0.060860	-0.175343	-133.869796	107.119518	-308.619735	0.000000	0.000000	0.000000	
40.607867	-0.000534	-0.241567	-7.420442	-0.048482	-0.008055	-0.207044	-0.302955	-0.397766	-10.075688	-0.083308	0.063451	-0.209440	0.013289	0.017448	0.000000	0.302421	0.156199	2.655246	0.034826	-0.071506	0.002395	0.337247	0.084693	2.657642	-0.077214	0.061541	-0.172703	-135.912164	108.324267	-303.993457	0.000000	0.000000	0.000000	
40.807867	-0.009694	-0.241215	-7.458490	-0.048348	-0.006070	-0.207081	-0.319346	-0.384731	-10.117576	-0.080578	0.066884	-0.209440	0.014008	0.016876	0.000000	0.309652	0.143516	2.659086	0.032230	-0.072954	0.002358	0.341882	0.070562	2.661444	-0.076843	0.061862	-0.173661	-135.251223	108.882476	-305.660561	0.000000	0.000000	0.000000	
41.007867	-0.021433	-0.241258	-7.510501	-0.049840	-0.004691	-0.214910	-0.335177	-0.371021	-10.159464	-0.077706	0.070199	-0.209440	0.014703	0.016275	0.000000	0.313744	0.129763	2.648963	0.027867	-0.074890	-0.005470	0.341611	0.054873	2.643493	-0.076822	0.061293	-0.171288	-135.214713	107.880964	-301.482234	0.000000	0.000000	0.000000	
41.207871	-0.030731	-0.240271	-7.551691	-0.049733	-0.002912	-0.215621	-0.350420	-0.356659	-10.201353	-0.074699	0.073392	-0.209440	0.015371	0.015645	0.000000	0.319689	0.116389	2.649662	0.024965	-0.076304	-0.006181	0.344654	0.040085	2.643481	-0.076530	0.061634	-0.171870	-134.707964	108.487899	-302.527064	0.000000	0.000000	0.000000	
41.407871	-0.040277	-0.238456	-7.591135	-0.049409	-0.000681	-0.213090	-0.365048	-0.341672	-10.243241	-0.071560	0.076455	-0.209440	0.016013	0.014987	0.000000	0.324772	0.103217	2.652105	0.022150	-0.077136	-0.003650	0.346922	0.026080	2.648455	-0.076654	0.061849	-0.172492	-134.917720	108.859372	-303.603071	0.000000	0.000000	0.000000	
41.607875	-0.051135	-0.235735	-7.629183	-0.050047	0.002006	-0.209062	-0.379036	-0.326086	-10.285129	-0.068295	0.079385	-0.209440	0.016626	0.014304	0.000000	0.327901	0.090350	2.655946	0.018249	-0.077379	0.000378	0.346150	0.012971	2.656324	-0.076907	0.060749	-0.171981	-135.372899	106.930187	-302.722883	0.000000	0.000000	0.000000	
41.807875	-0.060132	-0.233452	-7.667581	-0.049465	0.004092	-0.205496	-0.392358	-0.309927	-10.327017	-0.064911	0.082175	-0.209440	0.017211	0.013595	0.000000	0.332227	0.076475	2.659437	0.015446	-0.078083	0.003943	0.347673	-0.001608	2.663380	-0.076779	0.060925	-0.173038	-135.139088	107.233933	-304.562994	0.000000	0.000000	0.000000	
42.007879	-0.070071	-0.230986	-7.720987	-0.049348	0.005850	-0.213656	-0.404993	-0.293225	-10.368906	-0.061413	0.084822	-0.209440	0.017765	0.012862	0.000000	0.334922	0.062239	2.647918	0.012065	-0.078971	-0.004217	0.346987	-0.016732	2.643702	-0.077455	0.062030	-0.171495	-136.337697	109.185260	-301.867098	0.000000	0.000000	0.000000	
42.207879	-0.080088	-0.228959	-7.760258	-0.049427	0.006939	-0.213219	-0.416917	-0.276008	-10.410794	-0.057807	0.087319	-0.209440	0.018288	0.012107	0.000000	0.336829	0.047049	2.650536	0.008380	-0.080380	-0.003780	0.345209	-0.033331	2.646756	-0.075932	0.061186	-0.172421	-133.647951	107.692545	-303.478024	0.000000	0.000000	0.000000	
42.407883	-0.091036	-0.224741	-7.798306	-0.050232	0.009310	-0.209716	-0.428109	-0.258307	-10.452683	-0.054100	0.089663	-0.209440	0.018779	0.011331	0.000000	0.337073	0.033566	2.654377	0.003868	-0.080353	-0.000277	0.340941	-0.046787	2.654100	-0.075496	0.059346	-0.171786	-132.889159	104.461047	-302.378736	0.000000	0.000000	0.000000	
42.607883	-0.099191	-0.220135	-7.831292	-0.049045	0.011951	-0.202197	-0.438550	-0.240153	-10.494570	-0.050298	0.091850	-0.209440	0.019237	0.010534	0.000000	0.339359	0.020018	2.663278	0.001252	-0.079899	0.007242	0.340612	-0.059881	2.670520	-0.075756	0.059321	-0.173197	-133.337482	104.411058	-304.842977	0.000000	0.000000	0.000000	
42.807883	-0.107631	-0.215234	-7.871784	-0.047727	0.014489	-0.200284	-0.448222	-0.221578	-10.536458	-0.046407	0.093875	-0.209440	0.019661	0.009719	0.000000	0.340591	0.006344	2.664674	-0.001320	-0.079386	0.009155	0.339271	-0.073043	2.673830	-0.076568	0.059991	-0.173424	-134.767772	105.590313	-305.242892	0.000000	0.000000	0.000000	
43.007887	-0.115955	-0.209378	-7.912276	-0.046483	0.017331	-0.200110	-0.457108	-0.202614	-10.578347	-0.042435	0.095736	-0.209440	0.020051	0.008888	0.000000	0.341153	-0.006765	2.666071	-0.004048	-0.078405	0.009329	0.337105	-0.085170	2.675400	-0.077703	0.060553	-0.172975	-136.774319	106.586722	-304.471776	0.000000	0.000000	0.000000	
43.207887	-0.123407	-0.204287	-7.946484	-0.044799	0.019268	-0.195775	-0.465192	-0.183294	-10.620235	-0.038389	0.097430	-0.209440	0.020406	0.008040	0.000000	0.341785	-0.020993	2.673751	-0.006410	-0.078162	0.013665	0.335375	-0.099155	2.687416	-0.077609	0.060878	-0.174552	-136.598462	107.150585	-307.227925	0.000000	0.000000	0.000000	
43.407891	-0.132217	-0.198813	-7.992910	-0.044252	0.020967	-0.200017	-0.472459	-0.163653	-10.662124	-0.034275	0.098952	-0.209440	0.020724	0.007179	0.000000	0.340242	-0.035160	2.669214	-0.009977	-0.077985	0.009422	0.330265	-0.113145	2.678636	-0.077722	0.061094	-0.173733	-136.806604	107.537818	-305.805497	0.000000	0.000000	0.000000	
43.607891	-0.140909	-0.192761	-8.035670	-0.043993	0.022779	-0.203153	-0.478898	-0.143725	-10.704012	-0.030102	0.100300	-0.209440	0.021007	0.006304	0.000000	0.337989	-0.049036	2.668341	-0.013892	-0.077521	0.006286	0.324097	-0.126557	2.674628	-0.077408	0.060623	-0.173070	-136.245428	106.702370	-304.619094	0.000000	0.000000	0.000000	
43.807895	-0.148854	-0.186914	-8.078257	-0.043296	0.024203	-0.205412	-0.484497	-0.123544	-10.745900	-0.025875	0.101473	-0.209440	0.021252	0.005419	0.000000	0.335642	-0.063370	2.667644	-0.017421	-0.077270	0.004028	0.318221	-0.140640	2.671671	-0.076979	0.060630	-0.173136	-135.499398	106.721379	-304.755650	0.000000	0.000000	0.000000	
44.007895	-0.156576	-0.180856	-8.122239	-0.042424	0.025471	-0.208138	-0.489245	-0.103147	-10.787788	-0.021603	0.102467	-0.209440	0.021461	0.004525	0.000000	0.332669	-0.077709	2.665549	-0.020821	-0.076997	0.001301	0.311848	-0.154706	2.666850	-0.076639	0.060894	-0.173206	-134.892465	107.179550	-304.858473	0.000000	0.000000	0.000000	
44.207898	-0.164110	-0.172901	-8.173901	-0.041496	0.027911	-0.216253	-0.493135	-0.082569	-10.829677	-0.017293	0.103282	-0.209440	0.021631	0.003622	0.000000	0.329026	-0.090333	2.655776	-0.024203	-0.075371	-0.006814	0.304823	-0.165703	2.648962	-0.078079	0.061661	-0.170691	-137.434870	108.535539	-300.452189	0.000000	0.000000	0.000000	
44.407898	-0.169792	-0.166784	-8.208633	-0.039323	0.028940	-0.212073	-0.496160	-0.061846	-10.871565	-0.012953	0.103916	-0.209440	0.021764	0.002713	0.000000	0.326369	-0.104938	2.662932	-0.026370	-0.074976	-0.002633	0.299998	-0.179914	2.660299	-0.077743	0.062359	-0.172824	-136.835157	109.757238	-304.186476	0.000000	0.000000	0.000000	
44.607902	-0.178111	-0.159164	-8.251917	-0.039096	0.030559	-0.211631	-0.498315	-0.041014	-10.913454	-0.008590	0.104367	-0.209440	0.021859	0.001799	0.000000	0.320204	-0.118149	2.661537	-0.030506	-0.073808	-0.002192	0.289698	-0.191957	2.659345	-0.076977	0.061124	-0.172319	-135.495165	107.590409	-303.317133	0.000000	0.000000	0.000000	
44.807902	-0.184630	-0.152323	-8.292059	-0.038077	0.031517	-0.209905	-0.499595	-0.020111	-10.955341	-0.004212	0.104635	-0.209440	0.021915	0.000882	0.000000	0.314965	-0.132212	2.663282	-0.033865	-0.073118	-0.000466	0.281100	-0.205330	2.662816	-0.076166	0.060965	-0.173339	-134.059932	107.303731	-305.092161	0.000000	0.000000	0.000000	
45.007902	-0.190632	-0.144189	-8.335169	-0.036622	0.033117	-0.210290	-0.499999	0.000828	-10.997229	0.000173	0.104720	-0.209440	0.021932	-0.000036	0.000000	0.309368	-0.145017	2.662060	-0.036795	-0.071603	-0.000851	0.272573	-0.216620	2.661210	-0.076492	0.061171	-0.173078	-134.633990	107.666936	-304.633065	0.000000	0.000000	0.000000	
45.207906	-0.196343	-0.134773	-8.380548	-0.035054	0.035593	-0.212842	-0.499526	0.021765	-11.039118	0.004558	0.104620	-0.209440	0.021912	-0.000955	0.000000	0.303183	-0.156538	2.658571	-0.039612	-0.069027	-0.003403	0.263571	-0.225566	2.655168	-0.077637	0.061182	-0.171336	-136.657290	107.693806	-301.586711	0.000000	0.000000	0.000000	
45.407906	-0.201444	-0.126292	-8.422261	-0.033237	0.037241	-0.212874	-0.498176	0.042664	-11.081006	0.008936	0.104338	-0.209440	0.021852	-0.001871	0.000000	0.296733	-0.168956	2.658745	-0.042173	-0.067096	-0.003434	0.254560	-0.236052	2.655311	-0.078045	0.061391	-0.171144	-137.366130	108.053241	-301.229854	0.000000	0.000000	0.000000	
45.607910	-0.206597	-0.118132	-8.467988	-0.031663	0.038195	-0.215211	-0.495953	0.063488	-11.122895	0.013297	0.103872	-0.209440	0.021755	-0.002785	0.000000	0.289356	-0.181620	2.654906	-0.044960	-0.065677	-0.005771	0.244395	-0.247297	2.649135	-0.078157	0.062021	-0.171060	-137.571986	109.170639	-301.101677	0.000000	0.000000	0.000000	
45.807910	-0.212256	-0.108705	-8.509178	-0.030757	0.039762	-0.214450	-0.492859	0.084201	-11.164783	0.017635	0.103224	-0.209440	0.021619	-0.003693	0.000000	0.280603	-0.192906	2.655604	-0.048393	-0.063462	-0.005011	0.232211	-0.256369	2.650594	-0.077500	0.060921	-0.170774	-136.406928	107.227467	-300.578855	0.000000	0.000000	0.000000	
46.007914	-0.216994	-0.099642	-8.550717	-0.029480	0.040989	-0.213257	-0.488901	0.104766	-11.206671	0.021942	0.102395	-0.209440	0.021446	-0.004596	0.000000	0.271906	-0.204408	2.655954	-0.051422	-0.061406	-0.003818	0.220484	-0.265815	2.652137	-0.077079	0.060451	-0.170919	-135.674714	106.407179	-300.853124	0.000000	0.000000	0.000000	
46.207914	-0.221552	-0.090396	-8.595572	-0.028161	0.042081	-0.214574	-0.484085	0.125147	-11.248559	0.026211	0.101386	-0.209440	0.021234	-0.005490	0.000000	0.262532	-0.215543	2.652987	-0.054372	-0.059306	-0.005134	0.208161	-0.274849	2.647853	-0.076837	0.060357	-0.170670	-135.239730	106.234402	-300.396002	0.000000	0.000000	0.000000	
46.407918	-0.225371	-0.080684	-8.642696	-0.026480	0.043321	-0.218024	-0.478419	0.145309	-11.290448	0.030434	0.100200	-0.209440	0.020986	-0.006374	0.000000	0.253048	-0.225994	2.647752	-0.056914	-0.056879	-0.008584	0.196135	-0.282873	2.639168	-0.077214	0.060674	-0.169750	-135.912196	106.798462	-298.796191	0.000000	0.000000	0.000000	
46.607918	-0.228087	-0.072760	-8.684060	-0.024140	0.043096	-0.217266	-0.471915	0.165216	-11.332336	0.034603	0.098838	-0.209440	0.020701	-0.007247	0.000000	0.243828	-0.237977	2.648276	-0.058743	-0.055741	-0.007826	0.185085	-0.293718	2.640449	-0.077269	0.062104	-0.171270	-136.000221	109.308772	-301.451482	0.000000	0.000000	0.000000	
46.807918	-0.231565	-0.062508	-8.730486	-0.022537	0.044243	-0.219263	-0.464582	0.184833	-11.374224	0.038711	0.097302	-0.209440	0.020379	-0.008108	0.000000	0.233017	-0.247341	2.643738	-0.061248	-0.053059	-0.009823	0.171769	-0.300400	2.633914	-0.077392	0.062003	-0.170442	-136.217060	109.131561	-299.993946	0.000000	0.000000	0.000000	
47.007922	-0.235041	-0.051709	-8.773421	-0.021359	0.045980	-0.219106	-0.456435	0.204126	-11.416112	0.042752	0.095595	-0.209440	0.020021	-0.008954	0.000000	0.221394	-0.255835	2.642692	-0.064111	-0.049615	-0.009666	0.157282	-0.305450	2.633025	-0.076794	0.060685	-0.169670	-135.173649	106.818272	-298.653932	0.000000	0.000000	0.000000	
47.207922	-0.237606	-0.041939	-8.808851	-0.019794	0.046855	-0.212873	-0.447486	0.223060	-11.458000	0.046718	0.093721	-0.209440	0.019629	-0.009785	0.000000	0.209880	-0.264999	2.649149	-0.066512	-0.046866	-0.003433	0.143369	-0.311865	2.645716	-0.075752	0.059562	-0.170930	-133.329856	104.835199	-300.852353	0.000000	0.000000	0.000000	
47.407926	-0.238731	-0.031609	-8.848819	-0.017296	0.047790	-0.209333	-0.437753	0.241604	-11.499889	0.050601	0.091683	-0.209440	0.019202	-0.010598	0.000000	0.199022	-0.273213	2.651070	-0.067898	-0.043892	0.000106	0.131124	-0.317105	2.651176	-0.076220	0.059369	-0.170905	-134.163164	104.502124	-300.829094	0.000000	0.000000	0.000000	
47.607926	-0.238727	-0.023323	-8.880061	-0.014092	0.047094	-0.200573	-0.427252	0.259723	-11.541777	0.054396	0.089483	-0.209440	0.018741	-0.011393	0.000000	0.188525	-0.283047	2.661716	-0.068488	-0.042389	0.008867	0.120036	-0.325436	2.670583	-0.076493	0.060252	-0.173510	-134.634876	106.049850	-305.394608	0.000000	0.000000	0.000000	
47.807930	-0.238202	-0.012935	-8.918283	-0.010793	0.047629	-0.196905	-0.416001	0.277387	-11.583666	0.058096	0.087127	-0.209440	0.018248	-0.012168	0.000000	0.177798	-0.290322	2.665382	-0.068889	-0.039498	0.012535	0.108909	-0.329820	2.677917	-0.077683	0.060465	-0.173312	-136.737852	106.430206	-305.065045	0.000000	0.000000	0.000000	
48.007930	-0.238119	-0.002531	-8.961393	-0.008282	0.048416	-0.198705	-0.404020	0.294564	-11.625554	0.061693	0.084618	-0.209440	0.017722	-0.012921	0.000000	0.165901	-0.297095	2.664161	-0.069976	-0.036202	0.010735	0.095926	-0.333297	2.674896	-0.078314	0.060546	-0.172421	-137.839961	106.567470	-303.477576	0.000000	0.000000	0.000000	
48.207934	-0.238496	0.007124	-9.002757	-0.006687	0.048600	-0.200372	-0.391330	0.311225	-11.667442	0.065183	0.081960	-0.209440	0.017166	-0.013652	0.000000	0.152834	-0.304100	2.664685	-0.071870	-0.033360	0.009068	0.080964	-0.337460	2.673753	-0.077702	0.060541	-0.172829	-136.770917	106.565191	-304.215691	0.000000	0.000000	0.000000	
48.407934	-0.238070	0.016217	-9.043075	-0.004971	0.048185	-0.200983	-0.377954	0.327339	-11.709330	0.068558	0.079159	-0.209440	0.016579	-0.014359	0.000000	0.139884	-0.311122	2.666256	-0.073529	-0.030973	0.008456	0.066355	-0.342095	2.674712	-0.077298	0.061079	-0.173795	-136.052123	107.505176	-305.896144	0.000000	0.000000	0.000000	
48.607937	-0.237853	0.026373	-9.086708	-0.003632	0.048461	-0.203680	-0.363915	0.342879	-11.751219	0.071812	0.076218	-0.209440	0.015963	-0.015040	0.000000	0.126062	-0.316506	2.664511	-0.075444	-0.027757	0.005759	0.050617	-0.344263	2.670270	-0.076621	0.060903	-0.173790	-134.869697	107.201529	-305.906733	0.000000	0.000000	0.000000	
48.807938	-0.235934	0.036985	-9.135751	-0.001332	0.049211	-0.210511	-0.349237	0.357817	-11.793107	0.074941	0.073144	-0.209440	0.015319	-0.015696	0.000000	0.113304	-0.320832	2.657356	-0.076273	-0.023933	-0.001072	0.037030	-0.344765	2.656284	-0.077526	0.061270	-0.171779	-136.452423	107.840234	-302.346423	0.000000	0.000000	0.000000	
49.007938	-0.233633	0.047309	-9.185319	0.001159	0.049761	-0.217793	-0.333947	0.372128	-11.834995	0.077938	0.069942	-0.209440	0.014649	-0.016323	0.000000	0.100314	-0.324819	2.649676	-0.076779	-0.020180	-0.008354	0.023535	-0.345000	2.641322	-0.078565	0.061841	-0.169735	-138.282574	108.846808	-298.750231	0.000000	0.000000	0.000000	
49.207941	-0.231490	0.055675	-9.227905	0.003217	0.048734	-0.218967	-0.318071	0.385786	-11.876883	0.080799	0.066617	-0.209440	0.013952	-0.016922	0.000000	0.086581	-0.330111	2.648979	-0.077582	-0.017883	-0.009528	0.008998	-0.347993	2.639451	-0.078896	0.063143	-0.170491	-138.873859	111.145698	-300.099467	0.000000	0.000000	0.000000	
49.407941	-0.228727	0.067382	-9.282184	0.005315	0.049914	-0.227011	-0.301637	0.398767	-11.918771	0.083518	0.063175	-0.209440	0.013231	-0.017492	0.000000	0.072910	-0.331385	2.636587	-0.078203	-0.013261	-0.017571	-0.005293	-0.344646	2.619016	-0.079596	0.062739	-0.167369	-140.096788	110.426157	-294.586059	0.000000	0.000000	0.000000	
49.607945	-0.226403	0.077437	-9.320407	0.006790	0.050274	-0.223802	-0.284673	0.411049	-11.960660	0.086090	0.059622	-0.209440	0.012487	-0.018031	0.000000	0.058270	-0.333612	2.640253	-0.079299	-0.009348	-0.014362	-0.021029	-0.342959	2.625890	-0.078371	0.061499	-0.168069	-137.949637	108.251193	-295.836126	0.000000	0.000000	0.000000	
49.807945	-0.224241	0.087085	-9.356186	0.007767	0.050067	-0.216341	-0.267211	0.422609	-12.002548	0.088511	0.055964	-0.209440	0.011721	-0.018538	0.000000	0.042970	-0.335524	2.646362	-0.080745	-0.005898	-0.006901	-0.037775	-0.341422	2.639460	-0.076601	0.060284	-0.170113	-134.825807	106.105707	-299.414833	0.000000	0.000000	0.000000	
50.007949	-0.220424	0.096600	-9.392838	0.009690	0.049646	-0.209523	-0.249279	0.433428	-12.044437	0.090777	0.052209	-0.209440	0.010935	-0.019012	0.000000	0.028854	-0.336829	2.651598	-0.081087	-0.002563	-0.000084	-0.052232	-0.339392	2.651515	-0.076077	0.059470	-0.171160	-133.910580	104.679728	-301.277734	0.000000	0.000000	0.000000	
50.207949	-0.216002	0.104067	-9.431410	0.012023	0.047719	-0.205294	-0.230910	0.443487	-12.086325	0.092884	0.048362	-0.209440	0.010129	-0.019454	0.000000	0.014908	-0.339420	2.654915	-0.080861	-0.000642	0.004145	-0.065953	-0.340063	2.659060	-0.076870	0.060775	-0.172505	-135.298919	106.968997	-303.624946	0.000000	0.000000	0.000000	
50.407953	-0.211548	0.112462	-9.472600	0.014141	0.046372	-0.204295	-0.212136	0.452768	-12.128213	0.094827	0.044430	-0.209440	0.009305	-0.019861	0.000000	0.000588	-0.340306	2.655614	-0.080686	0.001942	0.005145	-0.080098	-0.338364	2.660758	-0.077274	0.061501	-0.173018	-136.019203	108.253990	-304.547345	0.000000	0.000000	0.000000	
50.607953	-0.206586	0.121988	-9.516059	0.016265	0.046208	-0.205954	-0.192990	0.461254	-12.170101	0.096605	0.040420	-0.209440	0.008465	-0.020233	0.000000	-0.013597	-0.339265	2.654043	-0.080339	0.005789	0.003485	-0.093936	-0.333477	2.657528	-0.077207	0.061060	-0.172298	-135.891893	107.470840	-303.260577	0.000000	0.000000	0.000000	
50.807953	-0.201717	0.129883	-9.546253	0.018010	0.045172	-0.198269	-0.173505	0.468931	-12.211989	0.098213	0.036339	-0.209440	0.007611	-0.020570	0.000000	-0.028211	-0.339047	2.665736	-0.080203	0.008833	0.011170	-0.108414	-0.330214	2.676907	-0.076162	0.060242	-0.174442	-134.051869	106.031731	-307.034837	0.000000	0.000000	0.000000	
51.007957	-0.195618	0.138082	-9.587443	0.020305	0.044286	-0.197410	-0.153716	0.475785	-12.253878	0.099648	0.032194	-0.209440	0.006743	-0.020870	0.000000	-0.041902	-0.337703	2.666435	-0.079343	0.012092	0.012030	-0.121245	-0.325611	2.678465	-0.076590	0.060212	-0.174155	-134.813968	105.985019	-306.549034	0.000000	0.000000	0.000000	
51.207957	-0.188598	0.145445	-9.632123	0.023085	0.042954	-0.201024	-0.133657	0.481805	-12.295766	0.100909	0.027993	-0.209440	0.005863	-0.021134	0.000000	-0.054941	-0.336360	2.663643	-0.077824	0.014961	0.008416	-0.132765	-0.321399	2.672059	-0.078061	0.061063	-0.172825	-137.394384	107.476204	-304.189200	0.000000	0.000000	0.000000	
51.407961	-0.182117	0.152448	-9.672091	0.025182	0.041437	-0.201788	-0.113364	0.486979	-12.337654	0.101993	0.023743	-0.209440	0.004973	-0.021361	0.000000	-0.068754	-0.334531	2.665563	-0.076811	0.017694	0.007651	-0.145565	-0.316837	2.673214	-0.078524	0.061567	-0.172894	-138.219004	108.370852	-304.329560	0.000000	0.000000	0.000000	
51.607961	-0.175922	0.159258	-9.709616	0.026581	0.039953	-0.199896	-0.092872	0.491299	-12.379542	0.102897	0.019451	-0.209440	0.004074	-0.021551	0.000000	-0.083051	-0.332041	2.669927	-0.076316	0.020502	0.009543	-0.159367	-0.311539	2.679470	-0.078201	0.061752	-0.173979	-137.641955	108.689097	-306.218899	0.000000	0.000000	0.000000	
51.807965	-0.167821	0.168171	-9.760056	0.029000	0.040249	-0.207127	-0.072216	0.494757	-12.421431	0.103622	0.015125	-0.209440	0.003168	-0.021702	0.000000	-0.095605	-0.326586	2.661376	-0.074621	0.025124	0.002312	-0.170226	-0.301462	2.663688	-0.078453	0.060824	-0.171170	-138.093034	107.062999	-301.294683	0.000000	0.000000	0.000000	
52.007965	-0.161110	0.175107	-9.796882	0.030300	0.039503	-0.205610	-0.051435	0.497347	-12.463319	0.104164	0.010772	-0.209440	0.002256	-0.021816	0.000000	-0.109675	-0.322241	2.666437	-0.073864	0.028731	0.003830	-0.183539	-0.293510	2.670267	-0.077339	0.060100	-0.172133	-136.123455	105.781342	-302.970285	0.000000	0.000000	0.000000	
52.207969	-0.153093	0.182576	-9.845577	0.032082	0.038992	-0.210807	-0.030562	0.499065	-12.505208	0.104524	0.006401	-0.209440	0.001341	-0.021891	0.000000	-0.122531	-0.316489	2.659631	-0.072442	0.032591	-0.001367	-0.194973	-0.283898	2.658264	-0.077419	0.059900	-0.170635	-136.273264	105.437211	-300.353819	0.000000	0.000000	0.000000	
52.407969	-0.145994	0.188957	-9.883974	0.033048	0.037813	-0.209378	-0.009637	0.499907	-12.547096	0.104700	0.002018	-0.209440	0.000423	-0.021928	0.000000	-0.136357	-0.310950	2.663122	-0.071652	0.035795	0.000062	-0.208009	-0.275155	2.663183	-0.076463	0.059652	-0.171792	-134.581817	104.992360	-302.370398	0.000000	0.000000	0.000000	
52.607973	-0.137252	0.194241	-9.925687	0.034873	0.035826	-0.208889	0.011306	0.499872	-12.588984	0.104693	-0.002368	-0.209440	-0.000496	-0.021927	0.000000	-0.148558	-0.305631	2.663297	-0.069820	0.038194	0.000551	-0.218378	-0.267437	2.663848	-0.077285	0.060029	-0.171429	-136.037894	105.662974	-301.750108	0.000000	0.000000	0.000000	
52.807973	-0.129685	0.198948	-9.960594	0.035784	0.033496	-0.203691	0.032228	0.498960	-12.630872	0.104502	-0.006750	-0.209440	-0.001414	-0.021887	0.000000	-0.161913	-0.300013	2.670278	-0.068718	0.040246	0.005748	-0.230632	-0.259767	2.676027	-0.077106	0.060390	-0.173199	-135.714030	106.291975	-304.847457	0.000000	0.000000	0.000000	
53.007973	-0.120859	0.204866	-10.010510	0.037253	0.032315	-0.209116	0.053094	0.497173	-12.672760	0.104128	-0.011120	-0.209440	-0.002329	-0.021808	0.000000	-0.173953	-0.292307	2.662250	-0.066875	0.043435	0.000324	-0.240828	-0.248872	2.662574	-0.077495	0.060744	-0.171827	-136.399112	106.914814	-302.432221	0.000000	0.000000	0.000000	
53.207977	-0.112301	0.209737	-10.055889	0.038451	0.030834	-0.213149	0.073868	0.494513	-12.714649	0.103571	-0.015471	-0.209440	-0.003240	-0.021692	0.000000	-0.186169	-0.284776	2.658760	-0.065120	0.046305	-0.003710	-0.251288	-0.238471	2.655050	-0.077630	0.061234	-0.171363	-136.645738	107.783718	-301.635238	0.000000	0.000000	0.000000	
53.407977	-0.103099	0.214685	-10.101617	0.039878	0.029550	-0.216482	0.094511	0.490986	-12.756537	0.102832	-0.019794	-0.209440	-0.004146	-0.021537	0.000000	-0.197610	-0.276301	2.654920	-0.062954	0.049344	-0.007043	-0.260565	-0.226957	2.647877	-0.077670	0.061203	-0.170550	-136.705683	107.722797	-300.183553	0.000000	0.000000	0.000000	
53.607980	-0.094979	0.218761	-10.143330	0.040355	0.027863	-0.216181	0.114989	0.486598	-12.798426	0.101913	-0.024083	-0.209440	-0.005044	-0.021345	0.000000	-0.209968	-0.267837	2.655096	-0.061558	0.051946	-0.006741	-0.271526	-0.215891	2.648354	-0.077319	0.061743	-0.171495	-136.098224	108.680534	-301.867036	0.000000	0.000000	0.000000	
53.807980	-0.085045	0.222962	-10.189058	0.041854	0.026413	-0.217941	0.135265	0.481356	-12.840313	0.100815	-0.028330	-0.209440	-0.005933	-0.021115	0.000000	-0.220310	-0.258393	2.651256	-0.058961	0.054743	-0.008502	-0.279271	-0.203650	2.642754	-0.077535	0.061504	-0.170519	-136.469103	108.252265	-300.129178	0.000000	0.000000	0.000000	
54.007988	-0.075878	0.226275	-10.233913	0.042831	0.024584	-0.219337	0.155304	0.475269	-12.882203	0.099540	-0.032527	-0.209440	-0.006812	-0.020848	0.000000	-0.231182	-0.248994	2.648290	-0.056709	0.057110	-0.009898	-0.287891	-0.191883	2.638393	-0.077834	0.061963	-0.170271	-137.012965	109.074417	-299.732224	0.000000	0.000000	0.000000	
54.207992	-0.064825	0.230282	-10.282258	0.044921	0.023438	-0.223006	0.175070	0.468349	-12.924092	0.098091	-0.036667	-0.209440	-0.007679	-0.020544	0.000000	-0.239895	-0.238066	2.641833	-0.053170	0.060104	-0.013567	-0.293066	-0.177962	2.628266	-0.077923	0.061008	-0.168250	-137.161251	107.386517	-296.155207	0.000000	0.000000	0.000000	
54.407996	-0.054182	0.233450	-10.328509	0.046687	0.022019	-0.225178	0.194529	0.460606	-12.965980	0.096469	-0.040742	-0.209440	-0.008533	-0.020204	0.000000	-0.248712	-0.227157	2.637471	-0.049782	0.062761	-0.015739	-0.298493	-0.164396	2.621732	-0.077942	0.060303	-0.166911	-137.193409	106.146014	-293.797286	0.000000	0.000000	0.000000	
54.607996	-0.046244	0.236231	-10.364812	0.046113	0.020453	-0.219297	0.213647	0.452056	-13.007868	0.094678	-0.044746	-0.209440	-0.009372	-0.019829	0.000000	-0.259891	-0.215826	2.643056	-0.048565	0.065199	-0.009858	-0.308457	-0.150627	2.633199	-0.076614	0.060610	-0.169773	-134.848072	106.678458	-298.816367	0.000000	0.000000	0.000000	
54.808000	-0.037984	0.237992	-10.399195	0.045255	0.018328	-0.210779	0.232390	0.442713	-13.049757	0.092722	-0.048672	-0.209440	-0.010194	-0.019420	0.000000	-0.270374	-0.204721	2.650562	-0.047467	0.066999	-0.001339	-0.317841	-0.137721	2.649223	-0.075886	0.061174	-0.172804	-133.574938	107.678769	-304.170239	0.000000	0.000000	0.000000	
55.008004	-0.027768	0.238312	-10.437767	0.045892	0.015306	-0.205924	0.250726	0.432593	-13.091646	0.090602	-0.052512	-0.209440	-0.010998	-0.018976	0.000000	-0.278493	-0.194281	2.653879	-0.044710	0.067818	0.003515	-0.323203	-0.126463	2.657394	-0.076899	0.061381	-0.172920	-135.358176	108.043827	-304.375750	0.000000	0.000000	0.000000	
55.208012	-0.017895	0.239284	-10.473895	0.046571	0.012981	-0.200936	0.268621	0.421714	-13.133535	0.088324	-0.056260	-0.209440	-0.011783	-0.018498	0.000000	-0.286516	-0.182430	2.659640	-0.041753	0.069241	0.008504	-0.328269	-0.113189	2.668144	-0.076699	0.060831	-0.173685	-135.014356	107.082700	-305.741799	0.000000	0.000000	0.000000	
55.408016	-0.006397	0.240000	-10.520845	0.048359	0.010990	-0.204634	0.286046	0.410095	-13.175424	0.085890	-0.059909	-0.209440	-0.012547	-0.017989	0.000000	-0.292442	-0.170095	2.654579	-0.037531	0.070899	0.004806	-0.329973	-0.099196	2.659385	-0.077136	0.060085	-0.171620	-135.775427	105.762860	-302.086638	0.000000	0.000000	0.000000	
55.608020	0.003638	0.240241	-10.560813	0.049092	0.009029	-0.204888	0.302968	0.397757	-13.217313	0.083306	-0.063453	-0.209440	-0.013290	-0.017448	0.000000	-0.299330	-0.157515	2.656500	-0.034214	0.072482	0.004552	-0.333545	-0.085033	2.661052	-0.076794	0.059690	-0.171666	-135.174130	105.067025	-302.168160	0.000000	0.000000	0.000000	
55.808020	0.012629	0.240014	-10.599733	0.048671	0.007019	-0.203436	0.319359	0.384721	-13.259201	0.080576	-0.066886	-0.209440	-0.014009	-0.016876	0.000000	-0.306730	-0.144707	2.659467	-0.031905	0.073906	0.006004	-0.338635	-0.070801	2.665471	-0.076484	0.060225	-0.172927	-134.619401	106.001332	-304.367566	0.000000	0.000000	0.000000	
56.008023	0.023045	0.238277	-10.642320	0.049065	0.004180	-0.204462	0.335189	0.371010	-13.301089	0.077704	-0.070202	-0.209440	-0.014703	-0.016274	0.000000	-0.312145	-0.132733	2.658770	-0.028639	0.074382	0.004977	-0.340783	-0.058351	2.663747	-0.077481	0.060499	-0.172009	-136.383450	106.491523	-302.772367	0.000000	0.000000	0.000000	
56.208027	0.033089	0.236376	-10.682811	0.049339	0.001423	-0.204434	0.350432	0.356648	-13.342978	0.074696	-0.073394	-0.209440	-0.015372	-0.015644	0.000000	-0.317343	-0.120271	2.660167	-0.025358	0.074818	0.005005	-0.342701	-0.045454	2.665172	-0.078111	0.060559	-0.171542	-137.491783	106.596487	-301.950073	0.000000	0.000000	0.000000	
56.408035	0.043391	0.234804	-10.728539	0.049731	-0.000663	-0.208004	0.365060	0.341660	-13.384868	0.071557	-0.076458	-0.209440	-0.016013	-0.014987	0.000000	-0.321669	-0.106856	2.656329	-0.021826	0.075795	0.001436	-0.343495	-0.031061	2.657765	-0.078352	0.060619	-0.170583	-137.925298	106.708581	-300.281791	0.000000	0.000000	0.000000	
56.608039	0.051637	0.233747	-10.770776	0.048579	-0.001887	-0.209401	0.379047	0.326073	-13.426756	0.068292	-0.079387	-0.209440	-0.016627	-0.014303	0.000000	-0.327410	-0.092326	2.655980	-0.019714	0.077501	0.000038	-0.347123	-0.014825	2.656018	-0.077688	0.061782	-0.172189	-136.746419	108.749612	-303.088383	0.000000	0.000000	0.000000	
56.808039	0.062753	0.230636	-10.819994	0.049313	-0.004221	-0.215180	0.392369	0.309914	-13.468644	0.064908	-0.082178	-0.209440	-0.017211	-0.013594	0.000000	-0.329616	-0.079277	2.648650	-0.015595	0.077956	-0.005740	-0.345211	-0.001321	2.642910	-0.078491	0.061622	-0.169888	-138.151017	108.460046	-299.018688	0.000000	0.000000	0.000000	
57.008043	0.071428	0.228550	-10.855599	0.048627	-0.005744	-0.211197	0.405003	0.293211	-13.510533	0.061410	-0.084824	-0.209440	-0.017765	-0.012862	0.000000	-0.333575	-0.064661	2.654934	-0.012782	0.079080	-0.001757	-0.346357	0.014419	2.653177	-0.077485	0.061488	-0.171768	-136.389950	108.230935	-302.348179	0.000000	0.000000	0.000000	
57.208047	0.083420	0.224930	-10.905166	0.050123	-0.007963	-0.215573	0.416926	0.275994	-13.552422	0.057804	-0.087321	-0.209440	-0.018288	-0.012106	0.000000	-0.333506	-0.051064	2.647255	-0.007681	0.079358	-0.006134	-0.341188	0.028294	2.641122	-0.077661	0.060075	-0.169017	-136.699273	105.744974	-297.504669	0.000000	0.000000	0.000000	
57.408051	0.092555	0.221919	-10.940596	0.049855	-0.009586	-0.211039	0.428118	0.258292	-13.594310	0.054097	-0.089665	-0.209440	-0.018779	-0.011330	0.000000	-0.335563	-0.036373	2.653714	-0.004242	0.080079	-0.001600	-0.339806	0.043706	2.652114	-0.076528	0.059270	-0.170443	-134.705532	104.327190	-300.015993	0.000000	0.000000	0.000000	
57.608059	0.101656	0.217163	-10.985277	0.049144	-0.012103	-0.211691	0.438559	0.240137	-13.636200	0.050294	-0.091852	-0.209440	-0.019237	-0.010534	0.000000	-0.336904	-0.022974	2.650923	-0.001151	0.079749	-0.002252	-0.338054	0.056775	2.648671	-0.077450	0.059806	-0.169768	-136.336679	105.278128	-298.846708	0.000000	0.000000	0.000000	
57.808062	0.109876	0.212543	-11.025768	0.047772	-0.014379	-0.210499	0.448231	0.221561	-13.678089	0.046404	-0.093877	-0.209440	-0.019662	-0.009719	0.000000	-0.338355	-0.009018	2.652320	0.001369	0.079498	-0.001060	-0.336986	0.070480	2.651260	-0.077976	0.060574	-0.170277	-137.254211	106.622573	-299.723600	0.000000	0.000000	0.000000	
58.008063	0.119865	0.207055	-11.077256	0.047737	-0.016898	-0.217118	0.457115	0.202597	-13.719977	0.042432	-0.095738	-0.209440	-0.020051	-0.008887	0.000000	-0.337250	0.004458	2.642721	0.005306	0.078840	-0.007678	-0.331944	0.083298	2.635042	-0.078934	0.060723	-0.167851	-138.931569	106.877426	-295.433289	0.000000	0.000000	0.000000	
58.208066	0.127997	0.202320	-11.114955	0.046684	-0.018552	-0.214613	0.465199	0.183277	-13.761865	0.038385	-0.097431	-0.209440	-0.020406	-0.008039	0.000000	-0.337202	0.019043	2.646911	0.008298	0.078879	-0.005173	-0.328903	0.097922	2.641737	-0.078410	0.060698	-0.169002	-138.018627	106.841158	-297.477948	0.000000	0.000000	0.000000	
58.408074	0.135260	0.197892	-11.152305	0.044881	-0.019511	-0.209853	0.472466	0.163635	-13.803755	0.034272	-0.098953	-0.209440	-0.020725	-0.007178	0.000000	-0.337205	0.034257	2.651450	0.010609	0.079442	-0.000414	-0.326596	0.113699	2.651036	-0.077768	0.061375	-0.171316	-136.896390	108.039265	-301.572086	0.000000	0.000000	0.000000	
58.608078	0.144181	0.192164	-11.201872	0.044372	-0.021108	-0.214226	0.478904	0.143706	-13.845644	0.030098	-0.100301	-0.209440	-0.021007	-0.006304	0.000000	-0.334723	0.048458	2.643771	0.014275	0.079193	-0.004787	-0.320448	0.127651	2.638984	-0.077947	0.061677	-0.170276	-137.202519	108.563935	-299.721812	0.000000	0.000000	0.000000	
58.808082	0.152830	0.186111	-11.244284	0.044074	-0.022874	-0.215043	0.484501	0.123525	-13.887532	0.025871	-0.101474	-0.209440	-0.021253	-0.005418	0.000000	-0.331671	0.062586	2.643249	0.018203	0.078599	-0.005604	-0.313468	0.141185	2.637645	-0.077406	0.061039	-0.170027	-136.249969	107.440633	-299.282269	0.000000	0.000000	0.000000	
59.008086	0.161868	0.179628	-11.289837	0.044162	-0.024741	-0.217135	0.489249	0.103127	-13.929421	0.021599	-0.102468	-0.209440	-0.021461	-0.004524	0.000000	-0.327381	0.076500	2.639584	0.022563	0.077727	-0.007695	-0.304818	0.154227	2.631889	-0.076826	0.060112	-0.169124	-135.229553	105.810119	-297.693905	0.000000	0.000000	0.000000	
59.208086	0.169813	0.172561	-11.334343	0.043530	-0.026790	-0.218474	0.493139	0.082549	-13.971309	0.017289	-0.103283	-0.209440	-0.021631	-0.003621	0.000000	-0.323326	0.090011	2.636966	0.026241	0.076493	-0.009035	-0.297085	0.166504	2.627932	-0.076832	0.059794	-0.168424	-135.232211	105.242680	-296.442556	0.000000	0.000000	0.000000	
59.408090	0.176419	0.165784	-11.375882	0.041816	-0.028369	-0.217232	0.496163	0.061826	-14.013198	0.012949	-0.103916	-0.209440	-0.021764	-0.002712	0.000000	-0.319744	0.103958	2.637316	0.028867	0.075548	-0.007793	-0.290877	0.179505	2.629523	-0.077042	0.060393	-0.169014	-135.609181	106.303520	-297.500685	0.000000	0.000000	0.000000	
59.608094	0.182578	0.159707	-11.413581	0.039745	-0.029076	-0.212670	0.498317	0.040994	-14.055086	0.008586	-0.104367	-0.209440	-0.021859	-0.001798	0.000000	-0.315739	0.118713	2.641506	0.031159	0.075291	-0.003231	-0.284579	0.194004	2.638275	-0.076541	0.061136	-0.171201	-134.728850	107.611841	-301.348987	0.000000	0.000000	0.000000	
59.808094	0.188511	0.151251	-11.453898	0.037720	-0.031209	-0.209850	0.499596	0.020091	-14.096974	0.004208	-0.104635	-0.209440	-0.021915	-0.000881	0.000000	-0.311085	0.131160	2.643076	0.033512	0.073427	-0.000410	-0.277573	0.204586	2.642666	-0.077478	0.061383	-0.171022	-136.367955	108.039098	-301.014725	0.000000	0.000000	0.000000	
